dim=26, degree=10, lambda=3, mu=4

01111111111000000000000000
10111000000111111000000000
11010100000100000111110000
11100010000010000100001111
11000001100001100011001100
10100001100001010000110011
10010000011000110010101010
10001100010010001010010110
10001100001000011101001001
10000011001110100001010001
10000010110101001100100100
01100000011001001010011001
01010001010000011001100101
01001100001100100000100111
01001010010001010101010010
01000110100010101000111000
01000001101110010110000010
00110000101000101001010110
00101011000100001001101010
00101000110010100110100001
00100110001011010011000100
00100101010100110100001100
00011010100100010010010101
00011001001011000100111000
00010111000001101110000001
00010100110111000001001010

01111111111000000000000000
10111000000111111000000000
11010100000100000111110000
11100010000010000100001111
11000001100001100011001100
10100001100001010000110011
10010000011000110010101010
10001100010010001010010110
10001100001000011101001001
10000011001110100001010001
10000010110101001100100100
01100000011001001001011010
01010001010000011001100101
01001100001100100000100111
01001010010001010110010001
01000110100010101000111000
01000001101110010110000010
00110000101000101010010101
00101011000000101101100010
00101000110110000010101001
00100110001011010011000100
00100101010100110100001100
00011010100100010001010110
00011001001011000100111000
00010111000101001010001001
00010100110011100101000010

01111111111000000000000000
10111000000111111000000000
11010100000100000111110000
11100010000010000100001111
11000001100001100011001100
10100001100000011000111010
10010000011001010010101001
10001100010011000001010011
10001100001000101100100101
10000011001100110101000010
10000010110110001010010100
01100000011001100000110110
01010001001000011001010101
01001011000100001010100011
01001000110100010100011001
01000110010010101001101000
01000100101011010110000010
00110000110000101011000011
00101010001001001101011000
00101001010010010110100100
00100110100101010001000101
00100101001110100010001001
00011110000000110010010110
00011000101110000001101010
00010101010101001100001100
00010011100011100100110000

01111111111000000000000000
10111000000111111000000000
11010100000100000111110000
11100010000010000100001111
11000001100001100011001100
10100001010001010010100011
10010001001000101000111010
10001110000000011001010101
10001000011110000001100110
10000100101100110100001001
10000010110011001110010000
01100000110000101000110101
01010000101001010001010011
01001100001010001010101001
01001010010100010010011010
01000101010010101101000010
01000011001101010100100100
00110000011000011011001100
00101100001001100100010110
00101001100010010100111000
00100110100101001001001010
00100011001110100011000001
00011010010001100101100001
00011001100100001110000011
00010110100010110010100100
00010101010111000000011100

01111111111000000000000000
10111000000111111000000000
11010100000100000111110000
11100010000010000100001111
11000001100001100011001100
10100001010001010010100011
10010001001000011001011010
10001110000000101000110101
10001000011100100101000011
10000100101110010000101100
10000010110011001110010000
01100000110000011001010101
01010000011000101010100110
01001100001000011110001001
01001001100010010100110010
01000110010101100000011010
01000011001111000001100001
00110000101001100000111001
00101100001011000001010110
00101010100100001010101010
00100101010010101101001000
00100011001100110110000100
00011010010001010101100100
00011001010110000010011001
00010110100010110011000001
00010101100101001100000110

01111111111000000000000000
10111000000111111000000000
11010100000100000111110000
11100010000010000100001111
11000001100001100011001100
10100001010001010010100011
10010000110000101000111010
10001100001010100000110101
10001010001001010101010010
10000110001100011010001100
10000001110110001101000001
01100000011000110001011001
01010001001000011001100110
01001100100000011100101001
01001011000100001010010011
01000100110111000000010110
01000010011011100110100000
00110000101001001010010101
00101100010000101101000110
00101000101110000010101010
00100111000011001001011000
00100011100100110100100100
00011010010101000001100101
00011001010010010110011000
00010110100010110011000001
00010101001101100100001010

01111111111000000000000000
10111000000111111000000000
11010100000100000111110000
11100010000010000100001111
11000001100001100011001100
10100001010001010010100011
10010000101000011010011010
10001100010000101100010110
10001010001101000000110101
10000101001110001001001001
10000010110010110101100000
01100000110000101000111001
01010000011001001001100110
01001100100010010001010011
01001001001100010100101010
01000110001001101110000001
01000011010110010010010100
00110001001000110001010101
00101110000000011001101100
00101000011011000110011000
00100100101110100010000110
00100011100101001101000010
00011010010100100011000011
00011001100010001110100001
00010111000011100000111000
00010100110101010100001100

01111111111000000000000000
10111000000111111000000000
11010100000100000111110000
11100010000010000100001111
11000001100001100011001100
10100001010001010000111010
10010001001000011010100101
10001110000000101001010011
10001000011010010101010100
10000100101111000010000011
10000010110100101100101000
01100000011000101010010110
01010000110000110001100011
01001100010000011110001001
01001001001110000000111001
01000110100011001000110100
01000011001101010101000010
00110000101001001001011001
00101010010101000001100101
00101001100010001110100010
00100110001010110011001000
00100101100100110100000101
00011100001001100100100110
00011010100100010010011010
00010101010110001001001100
00010011010011100110010000

01111111111000000000000000
10111000000111111000000000
11000110000110000111100000
11000110000001100000011110
11000001100100010100011001
10110000010000010110000111
10110000001000001001111001
10001000011101000011010100
10001000011010100100101010
10000101100011001000100101
10000011100000111011000010
01101001000000001010101110
01100000110001100011001001
01010001010010010001110010
01010000101010001110010100
01001100001001001101000011
01000010011100110000100101
00101100100000110001110100
00100101001110100000010011
00100011001011010100001100
00100010110101001100010010
00011011000001100110100001
00011010100110000001000111
00010101010100101101001000
00010100101101010010101000
00001110010010011010011000

01111111111000000000000000
10111000000111111000000000
11000110000110000111100000
11000110000001100000011110
11000001100100010100011001
10110000010000010110000111
10110000001000001001111001
10001000011101000011010100
10001000011010100100101010
10000101100011001000100101
10000011100000111011000010
01101001000000001010101110
01100000110001100011001001
01010001010010001101010010
01010000101010010010110100
01001100001000101101000101
01000010011101010000100011
00101100100001010001110010
00100101001110100000010011
00100011001011010100001100
00100010110100101100010100
00011011000001100110100001
00011010100110000001000111
00010101010100110001101000
00010100101101001110001000
00001110010010011010011000


TOTAL NUMBER OF STRONGLY REGULAR GRAPHS =10

