dim=28, degree=12, lambda=6, mu=4

0111111111111000000000000000
1011111100000111110000000000
1101111100000000001111100000
1110110011000110001100010000
1111001010100101001010001000
1111000101010010100101000100
1110100100101001010010100010
1110011000011000110001100001
1001100001111100001000011001
1001010010111010000100010110
1000101011011001000010001110
1000010111101000100001001101
1000001111110000010000110011
0101100010000011111000011001
0101010001000101110100010110
0100101000100110110010001110
0100010100010111010001001101
0100001100001111100000110011
0011100010000100000111111001
0011010001000010001011110110
0010101000100001001101101110
0010010100010000101110101101
0010001100001000011111010011
0001000011001110011100100011
0000100010110101101011000101
0000010001110011100111001010
0000001001101011010110110100
0000000110011100111001111000

0111111111111000000000000000
1011111100000111110000000000
1101111010000100001111000000
1110111001000010001000111000
1111011000100001000100100110
1111101000010000100010010101
1111110000001000010001001011
1100000011111111110000000000
1010000101111100001111000000
1001000110111010001000111000
1000100111011001000100100110
1000010111101000100010010101
1000001111110000010001001011
0110000110000011111111000000
0101000101000101111000111000
0100100100100110110100100110
0100010100010111010010010101
0100001100001111100001001011
0011000011000110000111111000
0010100010100101001011100110
0010010010010100101101010101
0010001010001100011110001011
0001100001100011001100011110
0001010001010010101010101101
0001001001001010011001110011
0000110000110001100110110011
0000101000101001010101101101
0000011000011000110011011110

0111111111111000000000000000
1011111100000111110000000000
1101111010000100001111000000
1110111001000010001000111000
1111010100100001001100100100
1111100100010000101010010010
1111000011001110010001001000
1100110000111001110000000110
1010001001111100000111000001
1001001010111010000000111001
1000100111011001000100100101
1000010111101000100010010011
1000001111110000010001001110
0110001010000011110111000001
0101001001000101110000111001
0100100100100110110100100101
0100010100010111010010010011
0100001100001111100001001110
0011110000000000000111111110
0010100010100101001011100101
0010010010010100101101010011
0010001010001100011110001110
0001100001100011001100011101
0001010001010010101010101011
0001001001001010011001110110
0000100100101001011101101010
0000010100011000111011011100
0000000011110111100110110000

0111111111111000000000000000
1011111100000111110000000000
1101111010000100001111000000
1110110101000010001100110000
1111001010100011001000101000
1111000101010100100110000100
1110100010101101010001000010
1101010001011010110000010001
1010101000111000001011001001
1001010100111000000100110110
1000101011011001000000101110
1000010111101000100010001101
1000001111110000010001010011
0110011000000001110111000110
0101100100000001111000111001
0100101000100110110000101110
0100010100010111010010001101
0100001100001111100001010011
0011100010000010000111111001
0011010001000100001011110110
0010010010010100101101001101
0010001010001100011110010011
0001100001100011001100011110
0001000101001010011101100011
0000100010110011101010100101
0000010001110101100110101010
0000001001101101010101110100
0000000110011010111011011000


TOTAL NUMBER OF STRONGLY REGULAR GRAPHS = 4

