dim=29, degree=14, lambda=6, mu=7

01111111111111100000000000000
10111111000000011111110000000
11011110100000010000001111110
11101000011100001110001110001
11110000010011001001100001111
11100001001100100001111101100
11100000101010110101010010011
11000100110001110110101001001
10100011000111000110101010110
10011001000101110100010100111
10010110000110101010011001011
10010100111001000011110110010
10001010101001101111000101100
10001001110110011001011011000
10000111011010011000100110101
01100011010001101010010111010
01011000001011110010111010100
01010011110010000011011100101
01010001101110011100100101010
01001110000111000100110111001
01001101100100101011000010111
01000110011101011101001000110
00110101101001001100010011101
00110100010110110111000011100
00110010100101111001101100001
00101101001011010011001100011
00101100110010101100111100010
00101010111100010010110001101
00011011011000100101101011010

01111111111111100000000000000
10111111000000011111110000000
11011110100000010000001111110
11101000011100001110001110001
11110000010011001001100001111
11100001001010100101011101100
11100000101100110001110010011
11000100110001110110101001001
10100011000111000110100111010
10011001000101110100010100111
10010110000110101010011001011
10010010111001000011111100100
10001100101001101111000010110
10001001110110011001011011000
10000111011010011000100110101
01100011010001101010011010110
01011000001011110010110111000
01010101110010000011010110011
01010001101110011100101000110
01001110000111000100111010101
01001011100100101011000101101
01000110011101011101000101010
00110101001101010011000011101
00110100110100101100110011100
00110010100011111101001100001
00101101101001001000111100011
00101100010110110011101100010
00101010111010010110010001101
00011011011000100101101011010

01111111111111100000000000000
10111111000000011111110000000
11011110100000010000001111110
11100001111000001110001110001
11100001010110011001000001111
11100000100101101001111101000
11100000011001110100110010110
11011000001011000010111001101
10110100000110100110100100111
10011010001101001001100110011
10010011010010100101011101010
10001100110011001110010011010
10001001101100110011010110100
10000111010100110010101011001
10000110101011011101001000101
01101010000011100111000111001
01011100010100100101011010101
01010010101100111010010001011
01010001100111010101101010010
01001100011010111010101100010
01000111110001000011010100111
01000111001110001100100111100
00110101001001101011000011110
00110100111010010001110011001
00110010010111011010011100100
00101101001101010100011100011
00101011100010101000111010011
00101010111100000111101001100
00011001110001111100100101100

01111111111111100000000000000
10111111000000011111110000000
11011110100000010000001111110
11100001111000001110001110001
11100001010110011001000001111
11100000100101101001111101000
11100000011001110100110010110
11011000000111000010111010101
10110100001010100011100100111
10011010001100101100010101101
10010010110011001011010011010
10001101010010100101011110010
10001001101101010110100101010
10000111001010111000101011001
10000110110101010111001000101
01101010000011100111000111001
01011100011001000101101001011
01010010010110111010101100010
01010001101010110101011001100
01001100101100111010010010011
01000111100011001100010100111
01000111011100000011100111100
00110101000101101110000011110
00110100110110010100110011001
00110011001101010001011100011
00101100011011011010011100100
00101011110000100010111001011
00101010101110001101101010100
00011001110001111001100110100

01111111111111100000000000000
10111111000000011111110000000
11011110100000010000001111110
11100001111000001110001110001
11100001010110010001101001101
11100000110001101001110101010
11100000000111111110000010110
11011000001101000101010100111
10110100001010100010111000111
10011100000110101100100111001
10010001100011110101011011000
10001011010001100010111110100
10001010111001010110100001011
10000111001110001011001101010
10000110111100011001010010101
01101010001010100011010111001
01010110010001100111001001101
01010011011010001000110011110
01010010100111011000111100001
01001101001001111000101010011
01001100110110000111011010010
01000101101100110110100101100
00111000101101001011100011100
00110101010101010010010011011
00110010011100110101101100010
00101100011011011100011100100
00101011100100101100011001011
00100111100011000101100110101
00011001110010111011000100110

01111111111111100000000000000
10111111000000011111110000000
11011110100000010000001111110
11100001111000001110001110001
11100001010110010001101001101
11100000110001101001110101010
11100000000111111110000010110
11011000001101000101010100111
10110100001010100010111000111
10011100000011101101001011001
10010001100110110011010111000
10001011001001101010101101100
10001010111001010011100010011
10000111010110000100111110010
10000110111100011100010001101
01101010001010100100110111001
01010110010100100011100110101
01010011010001110010011001011
01010010101110001101101001010
01001101011010001010010011110
01001100100111011010011100001
01000101101001110101101010100
00111000110101000110110011100
00110101001101011000100011011
00110010011011011001011100100
00101100011100110111001100010
00101011100100101001011010011
00100111100011000111000101101
00011001110010111100100100110

01111111111111100000000000000
10111111000000011111110000000
11011110100000010000001111110
11100001111000001110001110001
11100001010110010001101001101
11100000110001101001110101010
11100000000111111110000010110
11011000001101000101010011011
10110100001010100010110011101
10011100000111001010101100011
10010001100101110011011100100
10001011011000100110100101110
10001010110001110100111010001
10000111011010001001011010110
10000110101110011101000101001
01101010001010100011011100011
01010110010001100111001001101
01010011000110101000111111000
01010010111100011000110000111
01001101001001111000100110101
01001100110110000111010110100
01000101101011010110101001010
00111000011011011100010101100
00110100011100110101101010010
00110011100011000101100100111
00101101100100101100011000111
00101010101101001011101011000
00100111010101010010010111001
00011001110010111011000011010

01111111111111100000000000000
10111111000000011111110000000
11011110100000010000001111110
11100001111000001110001110001
11100001010110010001101001101
11100000101101001001110101010
11100000010011111100010010110
11011000000101100111000100111
10110100001010100010111000111
10011010000111001000111110001
10010100100110111101000011001
10001101011000100100110111100
10001010111001010110100001011
10000111010010101011001101010
10000011101101010011011010100
01101010001010100011010111001
01010110011001000101011001101
01010011001110001010100011110
01010001100011110100111101000
01001101001001111000101010011
01001100110110000111011010010
01000110110100111010100100101
00111000110001101011100011100
00110101010101010010010011011
00110010011100110101101100010
00101100001111011110001100100
00101011100100101100011001011
00100111100011000101100110101
00011001111010011001010100110

01111111111111100000000000000
10111111000000011111110000000
11011110100000010000001111110
11100001111000001110001110001
11100001010110010001101001101
11100000101001101001111001010
11100000000111111110000100110
11011000001101000101010010111
10110100010010100010110010111
10011000100110101101100111000
10010101000011110100011101001
10001011010001101010011011100
10001010111001010110100001011
10000111001110000011101110010
10000110111100011001010100101
01101010001010100011010111001
01010110010100100111001001011
01010011011010001000110101110
01010010100111011000111010001
01001101010001111000100110011
01001100110011000111011100100
01000101101100110110100011100
00111100001101001010100101101
00110010011001110101101010100
00110001110101010011010101010
00101100011110011100011010010
00101011100100100100111100011
00100111100011001101000011101
00011001101010111011001000110

01111111111111100000000000000
10111111000000011111110000000
11011110100000010000001111110
11100001111000001110001110001
11100001010110010001101001101
11100000101001101001110101100
11100000000111111110000011010
11011000001101000101010010111
10110100010010100010110010111
10011000100111001011101100010
10010101000101110010011101001
10001011011000100110100101110
10001010110001111100011000101
10000111011010001001011011010
10000110101110010101100110001
01101010001010100011011100011
01010110010011000111000101101
01010011000110101000111110100
01010010111100011000110001011
01001101010001111000100110011
01001100110100100111011011000
01000101101011010110101000110
00111000011011010100110111000
00110100011100111101001000110
00110011100001100101101001011
00101110001101001010101010101
00101101100110001100010101011
00100011110101010011010110100
00011001101010111011000011100

01111111111111100000000000000
10111111000000011111110000000
11011110100000010000001111110
11100001111000001110001110001
11100001010110010001101001101
11100000101001101001110101100
11100000000111111110000011010
11011000001101000101010010111
10110100010010100010110010111
10011000100111000110111101000
10010101000101111000101100011
10001011011000100011100111010
10001010110001111001011010001
10000111011010001100011001110
10000110101110010111000100101
01101010001010100100111100011
01010110001011000011101011001
01010011010001110010010101101
01010010110100101101101000110
01001101000110101010011110100
01001100111100011010010001011
01000101110011010101100110010
00111000011011011011000100110
00110100011100110101011011000
00110011100110001001010101011
00101110010101001100100110101
00101101100001100111001001011
00100011101101010010111010100
00011001101010111100100011100

01111111111111100000000000000
10111111000000011111110000000
11011110100000010000001111110
11100001111000001110001110001
11100001010110010001101001101
11100000100111001101010101010
11100000011001111000110010110
11011000001100100011010100111
10110100000101100110100011101
10011010001011001100011001101
10010011010010100101100111010
10001101100010101000111010011
10001100011101010111001010010
10000110110010111011000100101
10000011101101010010111101000
01101010000011100110101100011
01010110010101000001111110001
01010100111010010010110001011
01010001100011110101011010100
01001101001011001010100111100
01001010101100111101000011001
01000111010100101110001001110
00111000010110111010010111000
00110101001001111001001001011
00110010101110001011101000110
00101100111000100101111100100
00101011110001000011010011011
00100111001110010100010110101
00011001110101011100100100110

01111111111111100000000000000
10111111000000011111110000000
11011110100000010000001111110
11100001111000001110001110001
11100001010110010001101001101
11100000100111001101010101010
11100000011001111000110010110
11011000000101100110100011011
10110100001100100011011000111
10011010001011001100011001101
10010010110010110101100100011
10001101100010101000110110101
10001100011101010111000110100
10000111010010101011001011010
10000011101101010010111101000
01101010001010100011010111001
01010110010101000001111110001
01010101011010000010110101110
01010001100011110101011010100
01001100101011011010101000011
01001011001100101101001100110
01000110110100111110000001101
00111000110001101011100101100
00110100001110111100101011000
00110011000111011010000100111
00101101010001110100011100011
00101010110110000110111010010
00100111101001000101100011101
00011001111100011001010011010

01111111111111100000000000000
10111111000000011111110000000
11011110100000010000001111110
11100001111000001110001110001
11100001010110010001101001101
11100000100111001101010101010
11100000001101110010111010010
11011000010001101000110100111
10110100001010100100110011101
10011001001101000111000011110
10010010110100110011010101001
10001110011010001001011010011
10001100100101111110001000101
10000111010010100110101101010
10000011101011011001100110100
01101010001010100111000100111
01010101000110100011011110100
01010100110011010011100010011
01010010011011011100011001100
01001100011100111100100111000
01001011100001100101011011001
01000111101100001010100001111
00111010000111001010100111001
00110101001001111001001001011
00110010110100101101101000110
00101100111001000011111100100
00101001110010111010010011010
00100111010101010100010110101
00011001101110010100111100010

01111111111111100000000000000
10111111000000011111110000000
11011110100000010000001111110
11100001111000001110001110001
11100001010110010001101001101
11100000100101101101100101010
11100000001111011010010010110
11011000010001100011010011011
10110100001010100100110011101
10011001001101000100111100110
10010010110100111001010100101
10001110011010001010100101011
10001010100101110110101010001
10000111010010101101001010110
10000101101011010011011101000
01101010001010100101011100011
01010110001101000111001001101
01010100110011011000111000011
01010011000110101000111111000
01001101001001111000100110101
01001100110110000111010110100
01000011111000110110100001110
00111000010011111110000101100
00110100011100110011101010010
00110011100011000011100100111
00101101100100101010011000111
00101010111001001001111011000
00100111010101010100010111001
00011001101110011101000011010

01111111111111100000000000000
10111111000000011111110000000
11011110100000010000001111110
11100001111000001110001110001
11100001010110010001101001101
11100000100101101101011001010
11100000001011111010100100110
11011000001101000011010010111
10110100010010100100110010111
10011000100110101011100111000
10010011000011111000011011001
10001101010001110110000101011
10001010111001000110111001100
10000111001110000101101110010
10000110111100011001010100101
01101010001100100100110111001
01010110011000100011101001011
01010100100111010010111100001
01010011010110001100010101110
01001101010001101000111110100
01001010110011011101000010011
01000101101010110111000011100
00111100001011001101000101101
00110010010101110111001010100
00110001111001010001110101010
00101100011110011010011010010
00101011100010100011011100011
00100111100101001010100011101
00011001101100111100101000110

01111111111111100000000000000
10111111000000011111110000000
11011110100000010000001111110
11100001111000001110001110001
11100001010110001001101001110
11100000100111010110010001101
11100000011001110001110111000
11011000001100100101010100111
10110100000101101000111010011
10011010001011001100100011101
10010011010010110010011001011
10001101100010100011100111001
10001100011101010111001010010
10000110110010101101011100100
10000011101101011010100100110
01100110001010101011000010111
01011000110001110011101000101
01010101010011000010110110110
01010100001110111100101101000
01001011000111011000011110001
01001010110100101110010011010
01000111101001000101101001011
00111000101011001011010101010
00110011000101100111001011100
00110010110110010101100100011
00101110011100000010111100101
00101101010001111100000101011
00101001101010110100111010100
00010101111100011001010011100

01111111111111100000000000000
10111111000000011111110000000
11011110100000010000001111110
11100001111000001110001110001
11100001010110000001111101100
11100000100101111101000001101
11100000011001110010110011010
11011000001011001001100010111
10110100000110100011011010011
10011010001101000110011001101
10010011010010110101000101011
10001100110011010100110110001
10001001101100111010010100110
10000111010100101100101010110
10000110101011001011101101000
01100110001110000110100100111
01010101000011100110010111100
01010100011101011001011100010
01010010110010111000111000101
01001101101000100100111001011
01001011000101110011001110001
01001010110110001111000011010
00111000110001100111100100110
00111000001110111100101011000
00110011100101001000110101011
00101110011000101001010110101
00101101010011011010001001011
00100011101011010101011010100
00010101111100010011100011100

01111111111111100000000000000
10111111000000011111110000000
11011110100000010000001111110
11100001111000001110001110001
11100001010110000001111101100
11100000100101111101000001101
11100000011001110010110011010
11011000000111001010100010111
10110100001010100011011000111
10011010001100101001010111001
10010010110011010100110100101
10001101010010110110000101011
10001001101101010101011010010
10000111001010101100101011100
10000110110101001011101100010
01100110001110000101100110011
01010101010001100101010110110
01010100001111011010011101000
01010011100100100100111001011
01001100110010111000111010001
01001011001001110011001100101
01001010111010001111000001110
00111000100011100111100111000
00111000011100111100101000110
00110011010011011001001001011
00101110010101000110011010101
00101101101001001000110101011
00100011100110111010010110100
00010101111100010011100011100

01111111111111100000000000000
10111111000000011111110000000
11011110100000010000001111110
11100001111000001110001110001
11100001010110000001111101100
11100000100101111101000001101
11100000011001110010110011010
11011000000011101001101010011
10110100001110000100110010111
10011010001101001010011001101
10010010110010101101010101010
10001100110011010011010110001
10001001101100111010100100110
10000111010100100111001010110
10000111001011010100101101001
01100110000110101010011100011
01010101011010010011000001111
01010100101001100011111100100
01010010010111011100100110100
01001101001101001100010111010
01001011100010100110010011101
01001010111100010101101000011
00111001010001110100010100111
00111000001110110111001011000
00110011100101000011100101011
00101110011000101001100110101
00101100110011001110101001010
00100011101011011001011010100
00010101110100111000111011000

01111111111111100000000000000
10111111000000011111110000000
11011100110000011000001111100
11101010001100000110001110011
11110001000011000001101001111
11100000111000110101010001011
11010000100110110010110100110
11001000010011101110010010101
10100110001010101001100110101
10100101001101001010010101110
10010100110101000011111010001
10010010011011011100100011010
10001011100100101001011011010
10001001011100110101101100100
10000111100011010110001101001
01100110000101100100111011100
01100001110110000111100111000
01010101000101111001000110011
01010011011000101000111101001
01001100101011001100111100010
01001010101101011011000001101
01000111011010010011001010110
00111000001011110011010111000
00110010110001101111001000110
00110001101110011100011000101
00101100010110111010101000011
00101011110001010000110110011
00011110010110000101010101101
00011101101000100110100011110

01111111111111100000000000000
10111111000000011111110000000
11011100110000011000001111100
11101010001100000110001110011
11110001000011000001101001111
11100000111000110101010001011
11010000100110101011010100110
11001000010011110010110110001
10100110000101100001111111000
10100101001011001100010110110
10010100010101110110101000110
10010010101011011100100101001
10001011010100101100011001101
10001001111100001011100011010
10000111101010010011001010101
01100101001100101010100101101
01100010010111010111000011100
01010100011110001001111010001
01010011001001111000011011010
01001110100001101100100010111
01001001101101010101011100100
01000111110010000110101101010
00111000101010100110110011100
00110011110100010000110010111
00110001110001101111001100001
00101100100111011010011000011
00101010011010111001101100010
00011110011001000011010101101
00011101000110110101000111010

01111111111111100000000000000
10111111000000011111110000000
11011100110000011000001111100
11101010001100000110001110011
11110001000011000001101001111
11100000111000110101010001011
11010000001110110010110101100
11001000100011101011010110010
10100101010100101010100100111
10100100100111000110111011000
10010110000101101101000011110
10010010111001001001111100001
10001011010001110100100111001
10001001011110011100011000110
10000111101010010011001010101
01100110000011101100011100101
01100001101101010101100110100
01010100011011011010100010011
01010011110000100100111010110
01001101001100101000111011001
01001010110110001111000001101
01000111010101010011001101010
00111000010101110011010010101
00110011100110011000010011011
00110001011010101111001101000
00101110011010000001110110110
00101010101001111010101001010
00011101101001000110010101101
00011100100110110101101100010

01111111111111100000000000000
10111111000000011111110000000
11011100110000011000001111100
11101010001100000110001110011
11110001000011000001101001111
11100000111000110101010001011
11010000001110101011010101100
11001000100011101100110110010
10100101000101100110011011100
10100100001111011100100100101
10010110010001100001111110001
10010010110011010111000010110
10001011010100111000011000111
10001001111100001011100011001
10000111101010010010101101010
01100100010110101011101010010
01100011010011010010010111001
01010101110100000010110100111
01010010100101111100101001001
01001110001101010000110011110
01001001011001110111001100100
01000111101010001101001010101
00111000101010110010110010101
00110011011000101100100011110
00110001101101011001011100010
00101110100001101011000100111
00101010110110000101111101000
00011101000110110101000111001
00011100011011001110011001010

01111111111111100000000000000
10111111000000011111110000000
11011100110000011000001111100
11101010001100000110001110011
11110001000011000001101001111
11100000111000100101110101010
11010000100110110011010100101
11001000010011101110010010110
10100110000101111100000001111
10100101001011010010010111001
10010100010101110011101010010
10010010101011001101011011000
10001011010100101001100111001
10001001111100010100111000101
10000111101010001010101100110
01100010111001001011100010101
01100001100110110110101011000
01010101100101001000110110011
01010011011000111000011001011
01001110001110010000110011110
01001100001011111101001100001
01000111010101000111001101100
00111000001101101010110101100
00110110010010100100111010101
00110001011110011101000100110
00101100110110001011011000011
00101011100001110001011110010
00011101101000100111000011101
00011010110011010110100101010

01111111111111100000000000000
10111111000000011111110000000
11011100110000011000001111100
11101010001100000110001110011
11110001000011000001101001111
11100000111000100101110101010
11010000001110111001010100101
11001000100011110110010011001
10100101000101111000100110011
10100100001111001011011011000
10010110010001101110000001111
10010010110011010010111100010
10001011010100100011100111100
10001001111100001100111000101
10000111101010010101001010110
01100011100100101010011001110
01100010111001010011100010101
01010101001001100010111110100
01010001011110011100100011010
01001110010010101000111010011
01001100100111001111000100110
01000111010101010101001101001
00111000010101110101010010110
00110110100110000100110011101
00110001110010101111001100001
00101101011010010010010100111
00101010001011111100101101000
00011100101100110011101001001
00011011101001001001010111010

01111111111111100000000000000
10111111000000011111110000000
11011100110000011000001111100
11101010001100000110001110011
11110001000011000001101001111
11100000111000100101110101010
11010000001110111001010010110
11001000100011110110010100101
10100101010100100011011010101
10100100100111011100100010011
10010110000101110000111101001
10010010111001001111000001101
10001011010001101100011011010
10001001011110010011100111000
10000111101010001010101100110
01100011011001001000110110101
01100010010110110110101001100
01010101010110001010010101011
01010001100101101101101110000
01001110100101000010110011110
01001100011001111011001000011
01000111101010010101001011001
00111000101010101010110011001
00110101001001110110000011110
00110010110011010011011100010
00101100001111001101011100100
00101011100100111001000101011
00011110010010100101100110101
00011001111100010100111000110

01111111111111100000000000000
10111111000000011111110000000
11011100110000011000001111100
11101010001100000110001110011
11110001000011000001101001111
11100000101100110101010001110
11010000001011110010110111000
11001000110010101011010100011
10100101010001100110011011001
10100001101101011001100110001
10010110010100100001111100101
10010100011011011110000000111
10001011000101111000011010110
10001010110110000111100011100
10000111101010001100101101010
01100110010110001000110011011
01100001010110110110101100100
01010100100101101011101010010
01010011100101001100010101101
01001101011001000100110110110
01001010011001111101001001001
01000111101010010011001010101
00111000101010101100110010101
00110011011000101011000011110
00110010110011010101011100010
00101110100001110010100100111
00101100001111001011011101000
00011101000110110101000111001
00011001111100010010111001010

01111111111111100000000000000
10111111000000011111110000000
11011100110000011000001111100
11101010001100000110001110011
11110001000011000001101001111
11100000101100110101010001110
11010000001011101100110111000
11001000110010110010110100011
10100101010001101101000110011
10100001101101001010111100100
10010110010100101010100001111
10010100011011010011011010010
10001011000101110011000111100
10001010110110001101011001001
10000111101010010100101010101
01100101000110101010011011001
01100010111001010011100011001
01010110100001100011011100101
01010001011110011101000100101
01001100100111001110100010110
01001011011000101001011010110
01000111010101010100101101010
00111000010101110100110010101
00110011110010000110010011110
00110010100110111001101100010
00101110001011011000010100111
00101100011010100111101101000
00011101101100000001110111001
00011001101001111110001001010

01111111111111100000000000000
10111111000000011111110000000
11011100110000011000001111100
11101010001100000110001110011
11110001000011000001101001111
11100000101100110001110101010
11010000001011111100010100101
11001000110010100111010011001
10100101010001101100100110011
10100001101101001110011001100
10010110010100101011000001111
10010100011011000011111110000
10001011000101110010100111100
10001010110110011000111000011
10000111101010010101001010110
01100110000011101010011011010
01100010111001010011100010101
01010011110000100010111100110
01010001011110011100100011010
01001101001100101000111010101
01001100100111001111000100110
01000111010101010101001101001
00111000010101110101010010110
00110110100110000100110011101
00110001100110111011001100001
00101101011010010010010100111
00101010011010101101101101000
00011100101001110110101001001
00011011101001001001010111010

01111111111111100000000000000
10111111000000011111110000000
11011100110000011000001111100
11101010001100000110001110011
11110001000011000001101001111
11100000101100110001110101010
11010000001011111100010011001
11001000110010100111010010110
10100101010001100110011101001
10100001101101011011000010101
10010110010100100001111010101
10010100011011010110100100110
10001011000101111000011100110
10001010110110001101100101001
10000111101010001010101011010
01100110010110001010010001111
01100010010011110011101110000
01010011100101000010110111100
01010001110100111100101000011
01001101011001001000110110011
01001100001101101111001001100
01000111101010010101001100101
00111000101010101010110100101
00110100100111001101011010010
00110011011000101101000101110
00101110100001110100100010111
00101001011110010100111011000
00011101000110110011000111001
00011010111001010011011001010

01111111111111100000000000000
10111111000000011111110000000
11011100110000011000001111100
11101010001100000110001110011
11110001000011000001101001111
11100000101010110101010101010
11010000100101110010110011001
11001000010110101011010010110
10100110011000101010100001111
10100001101011001010111110000
10010100110101001101011000011
10010011001001101101000111100
10001101010001110100100110011
10001010011110010100111001100
10000111100110010011001100101
01100110000011101100011010101
01100001111100010101100010101
01010100001111011010100100110
01010011110000100100111100110
01001101001100101000111101001
01001010110011001111000101001
01000111011001010011001011010
00111000011001110011010100101
00110100010110100111101011000
00110011010110011000010101011
00101110100101000001110110110
00101001100101111110001001010
00011101101010000110010011101
00011010101010111001101010010

01111111111111100000000000000
10111111000000011111110000000
11011100110000011000001111100
11101010001100000110001110011
11110001000011000001101001111
11100000101010110101010101010
11010000100101110010110010110
11001000010110101011010100101
10100110011001001010010001111
10100001100101101110101101000
10010100100111001101011010001
10010011011010000100110111100
10001101001100111000100011011
10001010111000110101101000101
10000111010011010011001110010
01100110000011101100100110101
01100001111010010010111010001
01010100011101010011100101001
01010011110000101101000011011
01001101001001100110011011100
01001010010111011100011001010
01000111101100001001101100110
00111000011001101001110110010
00110101010100110100011000111
00110010001110111011001001100
00101100110110000111100010110
00101011100101010001010111001
00011110100010100010111101001
00011001101011011110000100110

01111111111111100000000000000
10111111000000011111110000000
11011100110000011000001111100
11101010001100000110001110011
11110001000011000001101001111
11100000101010110101010101010
11010000100101110010110010110
11001000010110101011010100101
10100110010001101101000010111
10100001101101001011011011000
10010100010111001110100101010
10010011011000110001100111001
10001101001001100100111110100
10001010111010011000111000011
10000111100110010110001001101
01100110000101101000111101001
01100001111001010110100100101
01010100101010101011101010001
01010011011000101100011001110
01001101110100000100110011011
01001010001111011101000011100
01000111010011010011001110010
00111000010011110110010011001
00110101001110011000010010111
00110010110110000101111100100
00101100011100110011101000110
00101011100010101010100111010
00011110101001000011010101101
00011001100101111101001100010

01111111111111100000000000000
10111111000000011111110000000
11011100110000011000001111100
11101010001100000110001110011
11110001000011000001101001111
11100000101010110101010101010
11010000100101110010110010110
11001000010110101011010100101
10100110010001101001011010011
10100001101101001111000011100
10010100010111010110011001001
10010011011000110001100111001
10001101001001100100111110100
10001010111010011100100000111
10000111100110001010101101010
01100110001101001000110101101
01100001110001110110101100001
01010100011011001011100110010
01010011011000101100011001110
01001101110100000100110011011
01001010000111111101001011000
01000111101010010011001010101
00111000101010101010110011001
00110101000110111100000010111
00110010110110000101111100100
00101100011100110011101000110
00101011010011010010010111010
00011110100001100111000101101
00011001101101011001011100010

01111111111111100000000000000
10111111000000011111110000000
11011100110000011000001111100
11101010001100000110001110011
11110001000011000001101001111
11100000101010110101010101010
11010000100101110010110010110
11001000010110101011010100101
10100110001001101010011001101
10100001001111011010100111000
10010100110011001111000010011
10010011010001100101011111000
10001101011000110000111010011
10001010111100010101100001101
10000111100110001100101100110
01100110010011000100110110101
01100001111000100111101010100
01010100001101111001101100001
01010011111000001000110101011
01001101001101001100010011110
01001010010011111110001001010
01000111100110010011001011001
00111000100110101100110011001
00110101010100110110000001111
00110010011110011001011000110
00101100110101000011111100010
00101011100001111001000110011
00011110001010100011100111100
00011001101011010110011100100

01111111111111100000000000000
10111111000000011111110000000
11011100110000011000001111100
11101010001100000110001110011
11110000101010000001110001111
11100001000101110101001001110
11010000000111101010111101000
11000100110101001100110010011
10101001010001100011100111001
10100001101010111100011100001
10011000010011110110010010110
10010111000010101001000110111
10001010011101011001101000101
10000111101010000110101011100
10000110111100010011010101010
01100100011010101011101010010
01100011010110010010010011101
01010101011001000011011100101
01010010101001111101000011001
01001100100110110110100100101
01001011100011010001011110010
01001011011000101100100101110
00110110010011010100100101011
00110010110100100101111010100
00110001101101011010100100110
00101110100001101010011000111
00101100001111001101010111000
00011101001100110000111011001
00011001110110001111001001010

01111111111111100000000000000
10111111000000011111110000000
11011100110000011000001111100
11101010001100000110001110011
11110000100011000101100001111
11100001011000110010010001111
11010001000110101001011101010
11000110001001101001101010101
10101000010011101011010110001
10100100101101010001111100010
10010101010110000100110110101
10010010011011011010100011010
10001010101100110101010011100
10001001110100101110101000110
10000111100011010110001101001
01100100010110100111101011000
01100011100101000010110111100
01011000001011110010111100100
01010100100101111100010010011
01001011110010010000111010011
01001001011101011101000101001
01000110111010001111000100110
00110011010001110101000110110
00110010111000101100111001001
00110001101110011011001000101
00101110000110111000100100111
00101101001011001100011011010
00011110010101000011011001101
00011101101000100011100111010

01111111111111100000000000000
10111111000000011111110000000
11011100110000011000001111100
11101010001100000110001110011
11110000100011000101100001111
11100001010010110001011100011
11010000011001101011010011010
11000100011110000110111001100
10101000001101111000111001001
10100111000001100010100111101
10010011100100110100010101110
10010001101011010011101110000
10001101000101101101001010110
10001010110110001011010100101
10000110111010011100100010011
01100100101100101011100100110
01100010100011110110011010100
01011001001010101000110110101
01010011010101011000101000111
01001110000111010000110111010
01001001110100110111000011001
01000111101001001101001101001
00110101100110001010010011011
00110100011101010101010010101
00110010010110101101101101000
00101011111000000001111010110
00101001011011011110000101010
00011110001010110011001001101
00011100110001100110111100010

01111111111111100000000000000
10111111000000011111110000000
11011100110000011000001111100
11101010001100000110001110011
11110000100011000101100001111
11100001001100100001111101100
11010000011010110011010011010
11000100101101011010010000111
10101001010001101001011010011
10100010100110111010101001001
10010111000010101000100110111
10010101010011000110011101001
10001010011101001100110011100
10001001100110110111000110100
10000110111001010101101100010
01100011010001101110000101110
01100001111010010100110110001
01011000000111111000111100010
01010011010101010001101010101
01001110100001100010110111001
01001100011010101111001000101
01000111100110001101001011010
00110100110100100110110010110
00110100001101111101000011001
00110010101011001011011100100
00101110010110010001010100111
00101101001011010010101011010
00011011101000110100011001101
00011001111100001011100101010

01111111111111100000000000000
10111111000000011111110000000
11011000111000011100001111000
11100100100110010011001100110
11100010010110001010100011101
11010001001101001101000010111
11001001000101110010011011010
11000110101000101000110101110
10110001001010100011010111001
10101000001011110101100001110
10100101110001010000111010101
10011110000011000100011101101
10011000110100101001111000011
10000110011100100111101110000
10000011110011011110000100011
01110010011000100110011000111
01101101000010100100101110011
01100100010101111001010101001
01011010100001110001100110101
01010100110011000110110011010
01001001011011001011011100100
01000011101110010101101001001
00110010001111011000110110010
00110001100101101110101001100
00101110101001001011001001011
00101011110100000101010110110
00011101011100010010100101011
00010111010010111001001011100
00001100101110111110010010100


TOTAL NUMBER OF STRONGLY REGULAR GRAPHS =41

