dim=50, degree=21, lambda=8, mu=9

01111111111111111111110000000000000000000000000000
10111111110000000000001111111111110000000000000000
11011111001100000000001100000000001111111111000000
11101100101011000000000011100000001110000000111111
11110000010000111100000010011100001001111000111000
11110000000010110011000011000011100001100111000110
11100000001100101010101001010011010100010100110001
11100000000011011100011100001010111010000110001001
11010000011000001101100000101001110111001001000101
11001000100110000100111000010101011000100011100110
10110010100001000011100100001100010000110011011011
10100010010000000111110111110000001100001110001100
10010101010001100001011000110000010001001110110011
10010001001010110000110100110110101100010001010100
10001110000011001110000100100101100000111100100101
10001101000001001101100001010111000111010010001010
10001011100000110010010010000001110110001011111000
10001001110100110000100101001010000010101100010111
10000110001100101001010110001110011011000000100110
10000100101110010010011001011100100101101000001001
10000010111101010100001010100010100001010101101010
10000001010111001011001011101001001010110001010000
01100011010010000001110010000110100110111000100011
01100001001101100110000001111100100010001011100010
01011100000100001010111000101010100000011010011110
01010110000100010101010100110011000010100001111001
01010000100111100000110111000101010011011100001000
01001010010111010001000101001000110101010010110100
01001001101000000111010110010001101001010100010011
01001000011001110011001100100011011100101000001010
01000111000001010110101011000100011001001001010101
01000110110000111000010001101100001100010111000011
01000101100001101001101110011000000100100101101100
01000011111010001010000000110110000011100110011100
00111001010101000010010000001111000101000101101101
00110010100101011001001000010101101010001100010110
00110001100000011110011101100000010101110000100110
00101100100010010011100000111010011010011101100000
00101100011000100101011001000100110010010101011100
00101010001001110000111010111001000011100010000101
00101000100110101101001110100110000101000011010001
00100111000110100100100000101001111101100000011010
00100101011110011000000110010001010000011001001111
00100100111001001000110101000011101001101010110000
00011010010010101010101101010000101011000001001011
00011010001011001100010011011010010100101101000010
00011001001100011001100011100100111000100110100001
00010100110101100110000010010010111110110010000001
00010100011010010110101110001101000110000110110000
00010011101010100101001001001011001000011010101100

01111111111111111111110000000000000000000000000000
10111111110000000000001111111111110000000000000000
11011111001100000000001100000000001111111111000000
11101100101011000000000011100000001110000000111111
11110000010100111000000010011100000001111000111100
11110000000010100111000010010011101001000111100010
11100000110000110100100001001010010110110110000011
11100000001101010010011000100101110000101100100011
11010010000010011000111000110011000100001011011001
11001010000101000001110101010000110000010011110110
10110001000001001010110001000111011011010010001100
10101001010000001101010000101010101010001101010101
10010100100001101010100100101000110011101001010010
10010001011010100001011100011000010101000100001111
10001110000011000110101000001110100100011100101100
10001011100000001111001001010100000011100001101011
10001000101110010001100010001101111101010001000001
10000110000100110011011011100010011101100000010100
10000101001010110100010111010100100010011010010001
10000100010101011100101110110001001010010100001010
10000010111010101001000101100101001000101110100100
10000001111101000110000110001011000100100011111000
01100001100001110101000101100001100101011001001100
01100000010011000011111011011100001110101001000000
01011100000000001111010100101101000100110010000111
01010010011000010110101100001001101011000000110101
01010001100110000101101010000100110010100110011100
01001100110001010011000100000110011001001110011001
01001010000111101000010111000011100011100100001001
01001001001000111010100110110010010110000101100100
01000110101100100100010000011101011010001001001110
01000101101000001001111011001010000001011100110010
01000101010110101010001001101000011000010011101001
01000011011011001100000000110110101101110000010010
00110100001100001101100101010010110100101000101001
00110010100001101100011110000100011000010101110001
00110010001110010011000101101110000000010101011010
00101100001011011100001001011001010000100111010100
00101011000010010100110110101000011001001010101010
00101010011000101011001010000001110110001010011010
00101001100110100010101100010011001000110000010111
00100111000101100001100000111101000111000010110001
00100110111000000010110010110000100001110101001101
00100100110110011000011100000110100111000010100110
00011101010000110000110001000101101100100101011010
00011000110110000110010001110001010111011100100000
00011000101001110001011000111010101010110010100000
00011000011101100100101011100110000001001011000011
00010111010011010001000010000011010010111001100101
00010011100101011010000011011000101100001110000110

01111111111111111111110000000000000000000000000000
10111111110000000000001111111111110000000000000000
11011111001100000000001100000000001111111111000000
11101100100011100000000011100000001111000000111110
11110010000010011100000010011100000000111100111001
11110000001100000011100000011011101100100000100111
11101000010000011011001001000010010010010011010111
11100000100001000110110001000111011001111010001000
11010001001000110101000000110001110001000111011100
11000010000111101000100100101010110100011001001100
10100100100001100110101110001000100000001111010011
10100100010000001111010101110001000110001101101000
10011000010001110100010100001111001010100101000110
10010001011010010010101101000100100011001000101101
10010000111010000001110011101000010110110110000001
10001010100011001001011100010001100101100010001011
10001010010100010110100010100100111101000110100010
10001001101110001000010010000011111010001001110001
10000111001101001000010001101101000001010100010111
10000110100100110000111000110110000010101010110100
10000101011001101001001010010100011000110001101010
10000001000110110111001111011010001101010000010000
01100010001001010001110110001101010111000001110000
01100000011111010000011001110000111000101100010010
01011000001000101100111001110110000101001001000011
01010011000101100010010110010010010010000110101011
01010000110100101011000110000101100011111000010010
01001100100100010001110111000100101000010101001101
01001100011010100010011000000111100100010110111000
01001001000011001011101010111001001010001110000100
01000111010010000101010011001000100001101011100110
01000101100110010110001000101100010110100001001011
01000100111001011100000100111010001011010010100001
01000011110000101100101101000001001100100100110101
00110101000010001100110100010100110110010010010110
00110100010100111000011010001001011001001010001101
00110010000111100101001001100101101000010011100001
00110001100001011010011010100010100100110101100100
00101101000010110001100100100011010001011100100011
00101011010000100010110000111000101011100001011001
00101001011101000101000110100110000100100010011101
00101000101110101010000101011100010001100011100100
00100011101000111001000001001110101110001100001010
00100010111110000100101010010011000011010100001110
00011100000101001101101001001010110011100100011000
00011010101000000111011100101000011000011000101110
00011001110101010000100001011001000100011011110010
00010110110011000011000000010110011101001101010001
00010110001010011010100111100011001000100011011000
00001110001001110110000011010001110110111000000100

01111111111111111111110000000000000000000000000000
10111111110000000000001111111111110000000000000000
11011111001100000000001100000000001111111111000000
11101110000011100000000011100000001110000000111111
11110000101010011000000000011110000001111000111100
11110000010000010111001010010001000001000111110011
11110000000100001100110100001001111000100100001111
11100000000011010011100011000101111100111010000000
11001000000100110010111010101110000100010101001010
11000100001000111100010101110100100100001011000101
10101000010001101001100101000110100011100101100010
10100010100010100100111001010010010010110011010001
10011001000101000101010000101101100010011001110001
10010001001010001010111101101000010101000010110010
10010000111100001011000010110000111110100001011000
10001101110000001001100000100010011000011110010111
10001010011001110010001000001001110011010010001101
10000110010110000011010001011010101101010100100100
10000101100001101100101010011001000110101100100100
10000101001010110100010110000111011011000100011000
10000011101101010010000101010011001000001001101011
10000010110111000101001110100100000001101010001110
01100100100101001010010000100111011011000011100100
01100010011001000001110000111011000110001110011000
01010101100000100011010001001010100011101010001011
01010001011101000100100010010110010111010000000111
01010000110011110000011100010000111010011100100010
01001100010100100110100101100001010001111000111000
01001010100011001110000110000010110101001101010001
01001001111010000001011001000001010100100101101101
01001000101100010101101111001000101010000010110100
01000111000010001011101100010100100010010001011110
01000011011010101100000010101011001000110011100010
01000011000101111001001001111100001001100100010001
00110011000000110101101000100010110101001001101100
00110001110001100110000101001100001000010111011100
00110000001110101011001111100011000000011100000101
00101100001001001101011011011000011000011001001010
00101011001100100010010010010100110000001110110110
00101001100110011100000001110001100111000110001010
00101001010010010010110110111000001011100001000101
00100110101000010111000100101100010110110000100011
00100101010101011000011110000010100100110000111001
00100100111110100000101000001101101101001000010011
00011100001011000110101000110110101000100110001001
00011100000111110001000100011011010100100011000110
00011010100000101001110110010101001101010010100001
00011010010000011110011001000111001110101000010010
00010110101001010000110011100001100001110101010100
00010110010110011000100011001100010010001111101000

01111111111111111111110000000000000000000000000000
10111111110000000000001111111111110000000000000000
11011111001100000000001100000000001111111111000000
11101000110011100000000011100000001111100000111100
11110000001010011100000011011100001000011100100011
11100010100100000011101010010010000000011010111110
11100100001011100010000000001101110100010011011001
11100000011001010001010110100011000010000111000111
11010100000100100001110001101000110011001100010011
11010001000001001100111100011001000001110000011101
10101011000000011010010001000010110001101001110101
10100100100001001100110100100110101101010001100010
10011010000000110100110000110111001010001011011000
10010011010100010110000000101100010101000110101110
10010010100010001111000110001001100110101001000110
10001001001011000011101000111010101100100100010010
10001000011100100110100110110000110010110010100001
10001000010111101001001001000111100001011110000100
10000110001001111001001101010001011011000000101010
10000101100000110110011011000110000110110100001001
10000100110110011000011010001001011000100111110000
10000001111110000001100101010100011100001001001101
01100100010000010111100001011100101011100011000100
01100001010100101010010000011011101110001100101000
01011101000000101001100000000111011100100010100111
01011000101000000111011000100001111000010101101100
01010001100111011000000001010010110010110011001010
01001100010010011010011100100100010110011000010110
01001010110001110000101100000100100000101101101011
01001010000111000101011010011010010111000001100001
01000101001110010101000110100101100001101000111000
01000011010010100110100111000010011001010101010010
01000010101100111100001101101010001100000010010101
01000010101001001010110011110101000101101110000000
00111000000110010010111111000001100101000010001011
00110010000101110001010110010100111000110100010100
00110001100010101011001100110100000001000111110001
00110000111101000110001000000111011010101000010011
00110000011000111001101010101010010101011001001000
00101110010100001101000001110001000100100101011011
00101100101010100100010100011010010001100110001110
00101001100001010101100101001001010110011010110000
00100111000011001100101010100000111010001100001101
00100011001110100000111001101101000010110000100110
00011100001101001010100111001110000010000101011100
00010110111010010000100000010011100111010100100101
00010110010011000011010101101010001000111010100001
00010101011001100100011011010000100100001011110010
00001101100101110010000010111001001001011001000101
00001011111000001001010010001100101011010010011010

01111111111111111111110000000000000000000000000000
10111111110000000000001111111111110000000000000000
11011111001100000000001100000000001111111111000000
11101100100011100000000011100000001111000000111110
11110010000010011100000000011110001000111000111001
11110000000000010011110011010001100110100110100001
11101000000001001011101100001001010001010100010111
11100000111000101000011000010110000100000111001111
11010001000100100011010100101100100000101001110110
11000001001011000110011011101000100001011010001001
10100001010010011110000110000010110111100001010100
10100000100001110100110100100111101101011100000000
10011000011000110000110100101001011010000011011001
10010010010100001001111010100010010110011000101100
10010001100110001100100001011000111010010110000110
10001100001110000101101110000110100000000110111010
10001011001001100101000010010001111100001001100011
10001000011100111010001001110101000011110000100010
10000110111000000101100001101010001001100101100101
10000110100001011010010111000100011000110011001010
10000110000111110010001001011011000100001011010100
10000101110111000001000000010101010011101100011001
01100011010001010100100001100100010010001111110010
01100010101110010001000000110001110001010011101100
01010100011001011001000000001111101011001010000110
01010100010000100111101000010100111101010001011000
01010000110111000110001100000011011100100010100011
01001101000000101100110101000011010001101010101100
01001010110010100010100010000011100010111101001010
01001001100100010101011011000011001010010001010101
01001001001101010010100010111100011100100100001100
01000110000110001100110110111100000111000001000011
01000100111100111000000111001000010100011100110001
01000010001011101001011101110010101010100100010000
00111000000110101011000011100110010001001111000001
00110101001101001000100001100011100000110001011011
00110100001011100100011010001101010000110101100100
00110010011100000110010111010001001000001100011110
00101100101000000111010000111010010110011010010010
00101010010101100101000101001100100110100010001101
00101000110101001000111010011000101001100011110000
00100111000100110010011000001010111011000000101011
00100101010010110001101110110000001000111000000111
00100001101010001011101101001101001110001000101000
00011100100001011110001100110000100010001101001101
00011010101010010000111001000100110101101000000111
00011001010011010001010101011010000101010101100010
00010011101001100010100110010110000011010010110001
00010011100000111101001010101001000101100110011000
00001111010010001010010000100101101100010110110100

01111111111111111111110000000000000000000000000000
10111111110000000000001111111111110000000000000000
11011111001100000000001100000000001111111111000000
11101100000011110000000011110000001111000000111100
11110100000011001100000000001111000000111100110011
11111000000000000011110011000000110000110011001111
11100000111100100010001000001100101000001010111110
11100000110000011011000100001010010111000101101001
11000011001000011000111010100101000100100001110101
11000011000000101100110001011010011011100010010010
10100010100110000101100011100011000010001111011000
10100010001001101010010101110000110100011100010001
10011000001000110101101100010100110010000101110010
10011000000100111001011000101011100011001010000101
10010010010111000001010000011101011100100101001100
10010001100011000110100100100010111100101010100100
10001001110101000101000101100100001001010001010111
10001000011010011010100011001101101101010110000000
10000111000100010101010010010110100101011000101010
10000101001011101010001110010011001000000011001011
10000100111010010100011101011000000010111000001101
10000100110101100010101010100001010011110100100010
01100010100011000001110100010101101011010010100001
01100001000110011001101010111000011000011100000110
01010100101000000111010100111001000101000110010110
01010100011100001100100000110001111001001001101001
01010000101101011000010111000110101010100100001010
01010000010110100011101111000110000101101000010001
01001011010001100100100110000001100110001100001111
01001010100010101110001000110010100001110101001100
01001001011001010011000000110101010010111010011000
01001000101001100101011011001010011100011001100000
01000110000111010110001001101100010110000011000011
01000101010110110000010101000011100000010111110100
00110010010000111101001101100001000100110010101010
00110001100100110110000010011001101010110001010001
00110001011011000000111000101010100101010001011010
00110001010001001110011011010100000010001111100100
00101100110000110000110000110110001100001111000011
00101100000100001110111100000111011110000000011100
00101010001101010010100101011011000001100001100110
00101001001110100100010110101100010001100010101001
00100110011001010101001010000010111001100100010101
00100101101010101001000001000101110111101000000110
00011011100010010010011001000001011001001100011011
00011010111110001000000010010010010110010010100111
00010111001000100011100001101110001010010100100101
00010110100001111000100110001100010001011011011000
00001110010010001011010110101000101010101001110000
00001101100101001001101001011000100100100110111000

01111111111111111111110000000000000000000000000000
10111111110000000000001111111111110000000000000000
11011111101000000000001000000000001111111111100000
11101000010111100000000111100000001111100000011100
11110000001100011100000110011100001000011100010011
11100010010010010011000001000011100110011010010011
11100100000000011100111100100010010101000110001110
11100000101011001000100011010001100000000111101101
11100001000001000011111000101101001001100001010011
11010100000101001010010010001010110010110001101010
10101001000100100101100000010110110011010011011000
10011000011001110000101000100110100100001001100111
10010101000000101111000101100000111100000101110001
10010001110100100010010100010001010011001110000111
10010000001111000101011001111011000100110110000000
10001110000100000110110010110001101000101010110100
10001011010010000011100100011100000100110100101110
10001010001010110010011011000101011010000101001010
10000100110011011100001001010100010001111001010100
10000100101010101000110110001111000111001000110000
10000011101100011001000001101010011010101000001101
10000010110001110101001110001000101001010010101001
01100010100100100110010101010110000100101001101001
01011010000011001001011000010110011010000010110101
01011001010000010101010001001011000001001101111100
01010101000010100110101010101100000010011010001101
01010010100110110000100001001100110001100110110010
01001001001001111010001100001001110100101010011000
01001000110000101001110011110000011100011011000010
01001000101100001111001101100001100011010000100110
01000110011100100001101110000001010000110101010101
01000101100001110101000010010110101110100100000110
01000101011110010000010000110101011101010000101001
01000010011011000110100100111010101011001101000000
00111000100010010100110100001001110110110001000101
00110110000110101001001000011001101001001001001110
00110100011001000101100101000101011000101010101010
00110010101001000011010010100100110100011100011100
00110000110000111010101000110011001010010100111000
00101100011000101010010001001110101001100110000101
00101100000101010011101011011000010111000100100001
00101011000011101100000010100011010001111000100011
00100111001001110000010101111000000010010001110110
00100001111110000110001010001010011100000010110110
00100001010110011001011110100100100010101111000000
00011100101010010011000110110010000001100011001011
00010011011000001100111011010000100111100000010011
00010011000101011010100111000111001101010011000000
00001110110101001100000000101101000110000111011001
00001101100111000000111101000010101000011100011010

01111111111111111111110000000000000000000000000000
10111111110000000000001111111111110000000000000000
11011111101000000000001000000000001111111111100000
11101000010111100000000111100000001111100000011100
11110000001100011100000110011100001000011100010011
11100010010010000011100100011010000110010011001011
11100100000100011010011001000111000001010010111100
11100000101001000101010000111010100000101001111100
11100001000000111101001010000001110110100010000111
11010100000011010011000001100100111000001111000110
10101001000001100010110100000101111100011000101010
10011010000001100110100010010111000001101011000101
10010100010000100101111010100110000100110100110010
10010001011100010001100001001101100111000001110001
10010000101110001010101101001010010010101000100110
10001010110001001100010101100001000010010101100111
10001010100000110001110001011100011010100110011000
10001001100110010010011000110010011101000001010011
10000110011100100101001100010000111001000100101101
10000101110011001010000010001001010001111100011001
10000100001111101000011010111001101010010011000000
10000011001010011100100111100010100101001110001000
01100010100010100110100011001001101001000101110010
01011100001000110010010000101011100011100100001011
01011000100110000001111001010001100100011100001101
01010010010001111000011010001010011100001001101001
01010001010010010100110100011001011001110010100100
01001101000100001110100010101100010110000101101100
01001101000001101001101101110000000001001010110011
01001010011111001000000000010011110100100110110010
01000111000110100100010101000100110010111001010001
01000010101101010001101110100100010001110001001010
01000001111001000010111110000110001010000110010101
01000000111000101111000001110111001111011000000000
00111000011000001110101001100000110000110011011001
00110100101011000100010011010100010011000010101011
00110100100001111000100100010010110101010101010100
00110010000101000111011100101001010110001110010000
00110001100110101001000100100111001000000111101001
00101110001010010001100010100011011010001000110101
00101001011100100001010011001010010001010111000110
00101000010010011011011110010100100011101001100000
00100110110100001000110000101100101101101000000111
00100101010101010100101001010011001010101100001010
00100011001011110010001001111100000100110100000101
00011011000011001101001000001110101011010000001110
00010111001000001011010111010001001100100001010110
00010011110100110010000010110000100010011010111010
00001100111010110100001100001101000100001011011100
00001100100101010111000111001010101100110010100000

01111111111111111111110000000000000000000000000000
10111111110000000000001111111111110000000000000000
11011111001100000000001100000000001111111111000000
11101100100011100000000011100000001111000000111110
11110010000010011100000010011100000000111100111001
11110000010001010011000000010011101100100011100101
11101000001000001011100001001011010010011010010110
11100000011100100100011010000110011000010001001111
11010000010010100010111100100000110000101110011100
11000101100000010101100000100110100011001101010011
10100011000101001000110001110000111000100101110010
10100001001011010000111110001001100011001000100101
10011000100100110010010000001101110110010101100010
10010100001100010101010101011010010101000100011100
10010001100010001110011001011010001011100010000011
10001100010111000100100101101001000000110011001011
10001010001000100111101010101010100101100001101000
10001001010001111001001001000101011001001110101000
10000110100010101001100110010001011001010101000101
10000110010001001110011100110100000110011000100110
10000010111100011010000111000100101110000010011001
10000001101111100001000010110111000100111010010000
01100001100100101101000101101000100100010110100101
01100000100101010011101000111100011011110000001000
01011001000100001010110001110101000101001001001101
01010010001001110100101010110001010110000110000011
01010000111000011001011111000001000001110001110010
01001100001001100011010111001100101000101100000011
01001010000111111000001100010110100001000011010110
01001001010010000101110110011000011110000011110000
01000111010001101000010000001001110111110000011001
01000110000110010110010011100010111001011010100000
01000100111110001000101000011011001100001100101010
01000011101011000110000101000111000010100101101100
00110101001000100110100100010101100001010010111010
00110100000011001001111011000110100010010111001000
00110010010110100001100101000110010101101000100011
00110000010101101110000110101011001010001101010000
00101100101000111000010100110010010010001011101001
00101011000010010011011100100011001100000100011011
00101010110100000101010010010001100011100110001110
00101000111011000110001001010000110101011001010001
00100110100000110100111001001101001100101001010100
00100101011010011010000010101100010101100110000110
00011100001110001101001000100101111010100000010101
00011010111001000000110000101110001001010110100101
00011001100001011100100110000010111100111000000110
00010111100101000011001010001000010000001011111011
00010011011010110001000001111000101010011001001100
00001101010100110010101011010010000010110100110100

01111111111111111111110000000000000000000000000000
10111111110000000000001111111111110000000000000000
11011111001100000000001100000000001111111111000000
11101100100011100000000011100000001111000000111110
11110100001000011100000000011110000000111000111101
11111000000000000011110010000001110000100111110011
11100000010110010011001001011001001100010100001011
11100000000011011011000101100100110010011011000100
11010000000100111100100100100011111101000010001001
11000010001101000110011010100110101000000101101100
10101000010011100100010100011010010001001111001010
10100010110000101001101000010001100011101001101100
10010011001001110000101001010100100001000110010111
10010001011010100010010000110101011110101000100001
10010000101111000001100110001111000100110001000110
10001011100010001100011000000011011010010001010111
10001001100100010101100010111100001010001110100010
10001000111000011010010111001000100111100100000101
10000111010001000101100001101010000110100011011001
10000111000100101010010010001100110101011000011010
10000100100110101010011101110010000000110110110000
10000100011001010101101111000001011001011000110000
01100010010110010000110110100110000011101000010011
01100001101000100100111001101000100100011001100011
01010100010000101101011001000111000110001110000110
01010011000010000110110110011001000011010010101100
01010001110001001010101100001000011000101100011110
01001010001111001000100001001011110110001100110000
01001010001000101111000101110101001001100001010010
01001001010011101001001010001010101001110010100001
01001000111000110010101010010100010110010011011000
01000110100101110000010011011000011000101011000101
01000101110110000101000100010100010101000101110101
01000101101001010001010000110011100011110100001010
00110010110001011000010000101101000101010111110000
00110010100001100111000110010010101010011100010001
00110001000101011110001011010010010101100001100010
00110000101110000101011001001100111010100010011000
00101100000101100110101000101101010011010100000101
00101011000000110001110101000110011100100100101100
00101001001101001001011110110001000100000010011101
00100110011010001100100010110000111100110010000110
00100101101010001010100011000111001001001101001001
00100101011100110010000100001011101010000010110110
00011100010101001000110101010100101010010001001011
00011100000010010011111000111010101101001001000100
00011010111100000011000001100010010001011010100111
00011001010110110100000011100001100000111101011000
00010110001010111001001110101000010010000101101001
00001110100011010110001100000101100100101010101010

01111111111111111111110000000000000000000000000000
10111111110000000000001111111111110000000000000000
11011110001110000000001110000000001111111110000000
11101101001001100000001001100000001100000001111111
11110100000000011110000000011110000011110001111000
11111000000000010001110000010001110010001111000111
11100000100101101100000101001101000001001110100110
11010000100001001001110010101100101100101100011000
11000011000011110001000010001011011010010010110001
11000000001101010110101011110010010000101010010100
10110000010010100111000011000001110100111000101010
10100010010000011100111110100001000100010101110001
10100000101001110001011100010110100101110000000101
10010011110010000100100101000000100011100011011101
10010010101010001110000000110110011100000111000011
10001100110110001000010000100011011001101000101101
10001011000100110010100110000110101000011001001110
10001010011101100000010000111000110011010100011010
10001000011000101001111101001100011010100011100000
10000101101010000010111001001011000001011101010010
10000101010101001011001010010101000111000010001011
10000101000110010111000101111000101110000100100100
01110000010110000011100100101100011001010000010111
01100010000111001010011001001010110110001001001001
01100001111100001000100001010010101010110100100011
01010010011001000011010110010011001001000101101100
01010001010100110100011000001011101101100011000010
01001100010010100100110011001110000100010110001101
01001011100000000111011100110000000000111010101011
01001011000010101010101000010001110101100100110100
01001000110010111001000111110000000111001001010010
01000110101100010001100001100100110101010011101000
01000101001011001100010110100101010010110001000110
01000100111000110110001100000101101010001100011001
00110001100000111010011011100000010011010110001100
00110001001110100000110100110111000010001010111000
00101100100001000110110110000010111101000010110010
00101010000011010101101001100111001010100100001010
00101001011011010010000010101100100001001111100001
00101000101110001101001010011001101000000011011100
00100111011000011001000100001010010100100110011110
00100111000100100101010011010100011001101001010001
00100110110001100010100000111001001110111001000100
00011100000101101011000101100011100000110110010001
00011010101100010010010011001101000110100000010111
00011001110101000101001000000110010110011101100100
00011001001001011100100101011001011101011000000001
00010110010011011000011001010100101000011010110010
00010110001000101101101010101010100011001000100101
00010100100111110000101110011000010000100101101010

01111111111111111111110000000000000000000000000000
10111111110000000000001111111111110000000000000000
11011111110000000000000000000000001111111111110000
11101100001111000000001111000000001111000000001111
11110100000000111100000000111100000000111100001111
11111000000000000011110000000011110000000011111111
11100000001111100010001000111110001000100011110000
11100000001100011001100110110001100110011011000000
11100000000010111100010001001011111111000100100000
11100000000001000111111111000100010001111100010000
10010011000010110011000101100010010101110010001100
10010011000000101110100011010101001011000001011010
10010010101001011001000110001001011000101000110011
10010010010010100001111010011010000110001101000101
10001010101101000100010001011000110010011010011100
10001001101010000010110100010110101010110100000011
10001001100110000101011001100101000100101001100110
10001000110100101001101100110000011001000110101001
10000110011100010000111000101001100101100100011010
10000101011011001100000011100010100000010101111001
10000101010101010110000100001111000011001010100101
10000100110001111010001010000100111100010011000110
01010010010001001110010101110000100110100010100011
01010001011010010100101000010100111100001000111100
01010001010111000001010000101101011010010110001010
01010000111100101001001000000111100011110000010101
01001011001000001111001010001010101001001110000110
01001011000101110100001100000011010100010101010011
01001010100011100010100010100101100101011000101001
01001010010100011000110111001010001000110001101100
01000110101001010001100001110100010011000101100110
01000101100110001010100011011000010100100110010101
01000101100000110011011101101000001010001001011001
01000100111010100100010110010011000001101011001010
00110010100110010100010110100100100001000111010101
00110001101001001010011100011001000001010101101100
00110001100101110000101011000010100000101110101010
00110000111100000110100001101010011100011001000011
00101010011010011010001001000101010010001111001001
00101001011000110001010011011100000101000010110011
00101001010011101000100100101000110011100001010110
00101000110001010111000010110011001110100000011100
00100111001000100100111010100001011010110000100101
00100111000101001001010000010110111101101000001001
00100110100010001101101100001110000110010010011010
00100110010110100011000101010001101000011100100110
00011100001100100111000110001100110110100101100000
00011100001001101000110101100111001100001110010000
00011100000110011010011010110010010011011000110000
00011100000011010101101001011001101001110011000000

01111111111111111111110000000000000000000000000000
10111111110000000000001111111111110000000000000000
11011110001110000000001110000000001111111110000000
11101101001001100000001001100000001100000001111111
11110100000000011110000000011110000011110001111000
11111000000000010001110000010001110010001111000111
11100000110101001001000100001101001001001100110110
11010000100100101001100001101100100100111010001001
11000011000011100001010010001011011010100011101000
11000010001100110110000011110011000001001010100101
10110000010011000111000011000001110100110100110001
10100011010000011100010110100000010100111001001110
10100000101001100101011100010110100101010011000100
10010010101010001010010000110110011110001000010011
10010001110010000110101101000001000011001011011010
10001100010100000011110100100010111101000010111000
10001011000101000110100101000110101010100101000101
10001000011110101000011000111001100010100100011100
10001000011001111000101110001100010010010010100011
10000111101010010000100010001010100001010100011111
10000101000000111011011011010101001101100100000010
10000100100111010100101001111000011000011101100000
01110000000010100110110110101100011001000100001101
01100010000110111010001001001010110100000111010010
01100000111100000011101001010010011010110000001110
01010001011000101000110110010010101000011101110000
01010001010101010100011000001011101111010000000011
01001100010011000100110011001110000100101010010110
01001011100000000111011100110000000000110110110011
01001011000011001010101000010001110101011000101100
01001000110011011001000111110000000111000101001001
01000110111000100100100000100100110111100101100010
01000101001010011101000101100101011010010010010100
01000100101101010010011110000101100000101001011001
00110010100001011000111011100000100011100010110100
00110001001111010000100100110111000000100110101010
00101100100001101110000010100011101000011110001010
00101010010010110001101000100111001000111001010001
00101001101100001100100010011001011101000011010001
00101001001110000011010011101100100011001001100010
00100111010101100000010001010100010011010110011001
00100110001000001101111101001011000110001000101001
00100101110010110010000100011000101110101000100101
00011100100110101000010101000011010001110000100111
00011010111000010010010001001101001100010111001100
00011010001001110101000101011000111001101000001010
00011001100100110101001010000110010110001100110100
00010110010110001101001010010100101000000011101011
00010110000101100011100110111001000110010001010100
00010101011001001011001000101010010001101111000100

01111111111111111111110000000000000000000000000000
10111111110000000000001111111111110000000000000000
11011110001110000000001110000000001111111110000000
11101001001001110000001001110000001110000001111100
11110000100101001100000101001100000001110001110011
11100001001011000011000010001111000001001101001110
11100000010000111100101010000010111001101001001001
11010100000010101010100001101000110100011010101010
11001000010011101001000100010011101010010010000111
11000010101000001110100001010110010111000110010100
10110100010000001101010100100001011000001111110100
10101000000000110111011001011100100000111110000100
10100101100000110000110110000100100110000111010011
10011100100000010111001000000011010110100100101011
10010011100110000001100000110100011000110101001101
10010010000111000110010111100010100010001000011101
10001011111000000010010010011000001000101010111011
10001010011101010000010000100101110101010011001010
10000101010101011000101000111001000011011100010001
10000100101101100000110011001001111011100000100100
10000011010010100011011101000011000101110001110000
10000000001110011101101110111110001100000000100010
01110010000101000010110000011011101100000111100001
01101000101010010000110000101011010100111000010101
01100110000010011001010001110101000011100010101001
01011001010100010001100010100010100001100110110110
01010001001000110110010111010001011001010100000011
01010000110100101010011010100101000110101001000110
01001101000100001011011100000100111101000000011101
01001100010110100100010010011010010010010101111000
01000110110001010000111101000100001000011100101110
01000100101001000111101110110000100000110011011000
01000011100110010101001001001001011010001011010010
01000011011001100101000100101100100110101100100001
00110010101000101001011000101010100011010100011010
00110001010011000100111100011000010011100010001110
00110000110011010011000010010100111101011000110000
00101110010000000111100011101000001110010001000111
00101010000101101001100111010001010100001100011010
00101001100100100110100100100111001011001010101000
00100111001100011010000100010010110010110001100110
00100100011111100010001001100110011000100010010011
00100001111110001100001011000001100100010100101101
00011110001010100100101000010101100001001000110111
00011001001001001001111011000110010010011011000001
00011000011010011010100101001101101010100101001000
00010111000001111100000010001111001100110010010100
00010100111100110001000101011010000101001011001001
00001101100011001100010001110010101101101101000000
00001010100011111010001110101000010001000111100100

01111111111111111111110000000000000000000000000000
10111111110000000000001111111111110000000000000000
11011110001110000000001110000000001111111110000000
11100001101101100000001001110000001110000001111100
11100001010011011000000101001100001001110001100011
11100000100000100111100110101010001101001000010011
11100000001000111100011010000111100001101001001100
11011000100001010100010011000001010011000110011011
11010101000000101010010000101000110010111100100110
11001000001110010110000000110110111000010010010110
10110010010000001101011000001100011100000110110101
10110000010011001010100010010101100110001101010010
10101000010100110000110001101011000100011110101000
10011001000100001011010100110011000101100011000101
10010110100010000001110001010110001001010101001110
10001011010010000101101010110000000010101000101111
10001010101101000010100010001010111000100101101001
10000111011000010010100100001001010111010001011100
10000100110101001101001001011000100001111010011000
10000100001001110010111111010100010100100010100010
10000100000110111101001101100001111010000101000001
10000011101011100001000100000111100010011010110001
01110010001000010011100001110001100001110100110001
01101100000001000101110010011001101010010011100100
01100111000100011001000100010010010000001111111010
01011001000010100011101000001101011000101011011000
01010100110011010000101000000010110101001011100101
01010000010101110011001110001110000010010100001101
01001100101010001110000101010101000100001100101101
01001010011100100001010001011000110111001001000011
01000110010011101000010010110001011100110000011001
01000011000111000100111101001010100100100100010110
01000010110100001010111100100101001011000010101010
01000001111000001101100011100110000110110111000000
00111100011000101000100101000010100010100010011111
00110100001111000101000000101111010011100000101010
00110001100100010100110100010100111100111000001001
00101111000001100110001000100100100100010111001011
00101010100001011011001001000011011110011000000110
00101000110010100110011100010010010011100101110000
00100110100110010010010011101100000010100011010101
00100001101110101000101010011001010001010010000111
00100001011011000011010111100000111001001100001100
00011010000101101100100111100100010001011000110100
00011000101010011001011110101000100100010001011010
00010101011100000110011011000011001000011001100011
00010011000010111110000011011010101111000010100000
00010010111001110100000100111001001000101111000010
00001101110100110001000010000101101101100100110100
00001101001001011000111000111110001011001100010000

01111111111111111111110000000000000000000000000000
10111111110000000000001111111111110000000000000000
11011110001110000000001110000000001111111110000000
11101101000001110000000001110000001111000001111100
11110100001001001100000000001111000000111001110011
11111000000000000011111001000000110000100111001111
11100000100100111010000100101100101000010110101010
11010000010100100101100010011010010110010100101001
11000010010011001100010101001000111101001001001001
11000001100011100001011000010101100100111010100100
10101000000100000111110000101111101111001000000100
10100011001010010101001000110000110001001100110011
10100000110101010001010111000011000011100101100010
10011000110010010100010010100100011010010010010111
10010011010000011010100010010010101001111001000110
10010010000111101010001001000111010010001100011100
10001010100000110110101011001001000101100010110001
10001001101101001000100110110001000000001111001101
10000110001000111001010100110110010110100011000001
10000101011110000010100101001100010001010011110100
10000101001000101101011111000001101010010000011010
10000100111011000010101000111010001100100100011010
01100100010100011000110010010101010101001010011010
01100010100010000111100011110100000010111001011000
01100001000011101100101100101010010011100010000110
01010100100010011001100100100011100101010100010101
01010010001101000110010111010010100100000010110110
01010001010100100110011100100101001001100101010001
01001011101000001001010010000110011001100100111100
01001010011001010011001100011001000011010000001111
01001001001010110010010011101001010100011101000010
01001000011010011100101001010110101010000111100000
01000110111100100000100001100001011010101000100111
01000101100101010011001010001010101010001011010001
00110010101001100000110000011001110011010111010000
00110001111000001010011001100010000011011010101001
00110001001011010010100110000101111100100000101001
00110000101110101001001011011100001100000001000111
00101100010010101010010110011000100010001100110101
00101011010001100001100101000110001100001110010011
00101000111100110100001100000010110100110001011100
00100111000110010100010001011011001000110010001101
00100110010001001111001010100001011100010101100100
00011100100010100111000100010011011001001010101010
00011011010110001001000000101001100110100011011010
00011000000101011001111101111000011000111000100000
00010111100000010100111100001100000110001101100110
00010100011001110101000011101100100001101110001000
00001110000111100000111010100110100001010001101001
00001101100101001110000001010100110111110100000010

01111111111111111111110000000000000000000000000000
10111111110000000000001111111111110000000000000000
11011111110000000000000000000000001111111111110000
11101100001111000000001111000000001111000000001111
11110100000000111100000000111100000000111100001111
11111000000000000011110000000011110000000011111111
11100000001100110011001100110011001100110011000000
11100000001100001100110011110000110011001111000000
11100000000011110000110011001111001100001100110000
11100000000011001111001100001100110011110000110000
10010011000111100000101000101000111000101010101100
10010011001011001010000010010111000010101001010011
10010000111101010001000001010100110100010101011100
10010000111110000100010100101011000001010110100011
10001010101000011100101100000110100101001001101010
10001010100010101101000011100001011010010001100101
10001001010100110110000011001010100101100010010101
10001001010001111000011100010001011010000110011010
10000110010100001001111001001101000110011010001001
10000110010010010010110110110000100110100100100110
10000101101000100011010110001100011001100101001001
10000101100001000111101001110010001001011000010110
01010010011000100110010111010000101000011000111001
01010010010001100101101011000101000001100111000110
01010001100100011001101101100010000010100100111001
01010001100010011010011110001000010100011011000110
01001011001001010001010010011110000011010010101100
01001011000110000101011000101100101100000101010011
01001000111001001010100001110100011100100010100011
01001000110110100010100100111001000011001001011100
01000110100101101000010010100001110101110000011010
01000110100101010110000100000110111010001110000101
01000101011010101001001000010011010101001100100101
01000101011010010100100001001011101010110001001010
00110010101000010100111000011001010111100000010101
00110010100010101011000001011010101011000110001010
00110001010100010111000010100101011101001000101010
00110001010001101000110100100110101110010001000101
00101010011100001001100110001010011000011100010110
00101010010011010010011001100010010001101101001001
00101001101100100010011001000101100010110100100110
00101001100011000101100110010001100100111010001001
00100111001001001110000101101001000100000101111100
00100111000110110000100101010100010001010010110011
00100100111001110001001010101000100010001011010011
00100100110110001100011010010110001000100011101100
00011100001010100110101010100110010110010110010000
00011100001010011001010101100101101001101010010000
00011100000101100101010101011010010110101001100000
00011100000101011010101010011001101001010101100000

These 18 graphs are obtained from the 18 Steiner(2,4,25) systems
