0 1
0 2
0 3
0 4
0 5
0 6
0 7
0 8
0 9
0 10
0 11
0 12
0 40
0 41
0 42
0 43
1 17
1 18
1 19
1 5
1 20
1 7
1 21
1 9
1 22
1 11
1 23
1 44
1 41
1 42
1 45
2 17
2 18
2 19
2 6
2 26
2 8
2 27
2 9
2 22
2 11
2 23
2 40
2 46
2 47
2 43
3 17
3 18
3 19
3 5
3 20
3 7
3 21
3 10
3 30
3 12
3 31
3 40
3 46
3 47
3 43
4 17
4 18
4 19
4 6
4 26
4 8
4 27
4 10
4 30
4 12
4 31
4 44
4 41
4 42
4 45
5 32
5 18
5 33
5 34
5 35
5 9
5 22
5 10
5 30
5 44
5 40
5 42
5 47
6 32
6 18
6 33
6 36
6 37
6 9
6 22
6 10
6 30
6 41
6 46
6 45
6 43
7 32
7 18
7 33
7 34
7 35
7 11
7 23
7 12
7 31
7 41
7 46
7 45
7 43
8 32
8 18
8 33
8 36
8 37
8 11
8 23
8 12
8 31
8 44
8 40
8 42
8 47
9 32
9 17
9 38
9 34
9 36
9 20
9 26
9 44
9 40
9 41
9 46
10 32
10 17
10 38
10 35
10 37
10 20
10 26
10 42
10 47
10 45
10 43
11 32
11 17
11 38
11 34
11 36
11 21
11 27
11 42
11 47
11 45
11 43
12 32
12 17
12 38
12 35
12 37
12 21
12 27
12 44
12 40
12 41
12 46
40 38
40 33
40 19
40 34
40 37
40 26
40 21
40 30
40 23
41 38
41 33
41 19
41 36
41 35
41 20
41 27
41 30
41 23
42 38
42 33
42 19
42 36
42 35
42 26
42 21
42 22
42 31
43 38
43 33
43 19
43 34
43 37
43 20
43 27
43 22
43 31
32 34
32 36
32 35
32 37
32 44
32 46
32 47
32 45
34 38
34 33
34 39
34 20
34 21
34 22
34 23
34 46
34 47
36 38
36 33
36 39
36 26
36 27
36 22
36 23
36 44
36 45
35 38
35 33
35 39
35 20
35 21
35 30
35 31
35 44
35 45
37 38
37 33
37 39
37 26
37 27
37 30
37 31
37 46
37 47
44 17
44 18
44 39
44 26
44 21
44 30
44 23
46 17
46 18
46 39
46 20
46 27
46 30
46 23
47 17
47 18
47 39
47 26
47 21
47 22
47 31
45 17
45 18
45 39
45 20
45 27
45 22
45 31
17 20
17 26
17 21
17 27
20 38
20 19
20 39
20 22
20 30
26 38
26 19
26 39
26 22
26 30
21 38
21 19
21 39
21 23
21 31
27 38
27 19
27 39
27 23
27 31
18 22
18 30
18 23
18 31
22 33
22 19
22 39
30 33
30 19
30 39
23 33
23 19
23 39
31 33
31 19
31 39
