0 1
0 2
0 3
0 4
0 5
0 6
0 7
0 8
0 9
0 10
0 11
0 12
0 13
0 14
0 15
0 16
1 17
1 18
1 19
1 5
1 20
1 7
1 21
1 9
1 22
1 11
1 23
1 13
1 24
1 25
1 16
2 17
2 18
2 19
2 6
2 26
2 8
2 27
2 9
2 22
2 11
2 23
2 28
2 14
2 15
2 29
3 17
3 18
3 19
3 5
3 20
3 7
3 21
3 10
3 30
3 12
3 31
3 28
3 14
3 15
3 29
4 17
4 18
4 19
4 6
4 26
4 8
4 27
4 10
4 30
4 12
4 31
4 13
4 24
4 25
4 16
5 32
5 18
5 33
5 34
5 35
5 9
5 22
5 10
5 30
5 13
5 28
5 25
5 15
6 32
6 18
6 33
6 36
6 37
6 9
6 22
6 10
6 30
6 24
6 14
6 16
6 29
7 32
7 18
7 33
7 34
7 35
7 11
7 23
7 12
7 31
7 24
7 14
7 16
7 29
8 32
8 18
8 33
8 36
8 37
8 11
8 23
8 12
8 31
8 13
8 28
8 25
8 15
9 32
9 17
9 38
9 34
9 36
9 20
9 26
9 13
9 28
9 24
9 14
10 32
10 17
10 38
10 35
10 37
10 20
10 26
10 25
10 15
10 16
10 29
11 32
11 17
11 38
11 34
11 36
11 21
11 27
11 25
11 15
11 16
11 29
12 32
12 17
12 38
12 35
12 37
12 21
12 27
12 13
12 28
12 24
12 14
13 38
13 33
13 19
13 36
13 35
13 26
13 21
13 30
13 23
14 38
14 33
14 19
14 34
14 37
14 20
14 27
14 30
14 23
15 38
15 33
15 19
15 34
15 37
15 26
15 21
15 22
15 31
16 38
16 33
16 19
16 36
16 35
16 20
16 27
16 22
16 31
32 34
32 36
32 35
32 37
32 28
32 24
32 25
32 29
34 38
34 33
34 39
34 20
34 21
34 22
34 23
34 28
34 29
36 38
36 33
36 39
36 26
36 27
36 22
36 23
36 24
36 25
35 38
35 33
35 39
35 20
35 21
35 30
35 31
35 24
35 25
37 38
37 33
37 39
37 26
37 27
37 30
37 31
37 28
37 29
28 17
28 18
28 39
28 26
28 21
28 30
28 23
24 17
24 18
24 39
24 20
24 27
24 30
24 23
25 17
25 18
25 39
25 26
25 21
25 22
25 31
29 17
29 18
29 39
29 20
29 27
29 22
29 31
17 20
17 26
17 21
17 27
20 38
20 19
20 39
20 22
20 30
26 38
26 19
26 39
26 22
26 30
21 38
21 19
21 39
21 23
21 31
27 38
27 19
27 39
27 23
27 31
18 22
18 30
18 23
18 31
22 33
22 19
22 39
30 33
30 19
30 39
23 33
23 19
23 39
31 33
31 19
31 39
