0 1
0 2
0 3
0 4
0 5
0 6
0 7
0 8
0 9
0 10
0 11
0 12
0 13
0 14
0 15
0 16
0 17
0 18
0 19
0 20
0 21
0 22
0 23
0 24
0 25
0 26
0 27
0 28
0 29
0 30
0 31
0 32
0 33
0 34
0 35
0 36
0 37
0 38
0 39
0 40
1 41
1 42
1 43
1 44
1 45
1 46
1 47
1 9
1 48
1 11
1 12
1 49
1 50
1 15
1 51
1 17
1 52
1 19
1 20
1 53
1 54
1 23
1 55
1 25
1 56
1 27
1 28
1 57
1 58
1 31
1 59
1 33
1 60
1 61
1 62
1 37
1 38
1 39
1 63
2 41
2 42
2 43
2 44
2 45
2 46
2 47
2 10
2 64
2 13
2 14
2 65
2 66
2 16
2 67
2 17
2 52
2 19
2 20
2 53
2 54
2 23
2 55
2 25
2 56
2 27
2 28
2 57
2 58
2 31
2 59
2 68
2 34
2 35
2 36
2 69
2 70
2 71
2 40
3 41
3 42
3 43
3 44
3 45
3 46
3 47
3 9
3 48
3 11
3 12
3 49
3 50
3 15
3 51
3 18
3 72
3 21
3 22
3 73
3 74
3 24
3 75
3 25
3 56
3 27
3 28
3 57
3 58
3 31
3 59
3 68
3 34
3 35
3 36
3 69
3 70
3 71
3 40
4 41
4 42
4 43
4 44
4 45
4 46
4 47
4 9
4 48
4 11
4 12
4 49
4 50
4 15
4 51
4 17
4 52
4 19
4 20
4 53
4 54
4 23
4 55
4 26
4 76
4 29
4 30
4 77
4 78
4 32
4 79
4 68
4 34
4 35
4 36
4 69
4 70
4 71
4 40
5 41
5 42
5 43
5 44
5 45
5 46
5 47
5 10
5 64
5 13
5 14
5 65
5 66
5 16
5 67
5 18
5 72
5 21
5 22
5 73
5 74
5 24
5 75
5 25
5 56
5 27
5 28
5 57
5 58
5 31
5 59
5 33
5 60
5 61
5 62
5 37
5 38
5 39
5 63
6 41
6 42
6 43
6 44
6 45
6 46
6 47
6 10
6 64
6 13
6 14
6 65
6 66
6 16
6 67
6 17
6 52
6 19
6 20
6 53
6 54
6 23
6 55
6 26
6 76
6 29
6 30
6 77
6 78
6 32
6 79
6 33
6 60
6 61
6 62
6 37
6 38
6 39
6 63
7 41
7 42
7 43
7 44
7 45
7 46
7 47
7 9
7 48
7 11
7 12
7 49
7 50
7 15
7 51
7 18
7 72
7 21
7 22
7 73
7 74
7 24
7 75
7 26
7 76
7 29
7 30
7 77
7 78
7 32
7 79
7 33
7 60
7 61
7 62
7 37
7 38
7 39
7 63
8 41
8 42
8 43
8 44
8 45
8 46
8 47
8 10
8 64
8 13
8 14
8 65
8 66
8 16
8 67
8 18
8 72
8 21
8 22
8 73
8 74
8 24
8 75
8 26
8 76
8 29
8 30
8 77
8 78
8 32
8 79
8 68
8 34
8 35
8 36
8 69
8 70
8 71
8 40
9 80
9 42
9 43
9 81
9 82
9 46
9 83
9 84
9 85
9 86
9 87
9 17
9 52
9 18
9 20
9 72
9 54
9 22
9 74
9 25
9 56
9 26
9 28
9 76
9 58
9 30
9 78
9 33
9 68
9 61
9 62
9 35
9 36
9 39
9 71
10 80
10 42
10 43
10 81
10 82
10 46
10 83
10 88
10 89
10 90
10 91
10 17
10 52
10 18
10 20
10 72
10 54
10 22
10 74
10 25
10 56
10 26
10 28
10 76
10 58
10 30
10 78
10 60
10 34
10 37
10 38
10 69
10 70
10 63
10 40
11 80
11 42
11 43
11 81
11 82
11 46
11 83
11 84
11 85
11 86
11 87
11 19
11 53
11 21
11 23
11 73
11 55
11 24
11 75
11 25
11 56
11 26
11 28
11 76
11 58
11 30
11 78
11 60
11 34
11 37
11 38
11 69
11 70
11 63
11 40
12 80
12 42
12 43
12 81
12 82
12 46
12 83
12 84
12 85
12 86
12 87
12 17
12 52
12 18
12 20
12 72
12 54
12 22
12 74
12 27
12 57
12 29
12 31
12 77
12 59
12 32
12 79
12 60
12 34
12 37
12 38
12 69
12 70
12 63
12 40
13 80
13 42
13 43
13 81
13 82
13 46
13 83
13 88
13 89
13 90
13 91
13 19
13 53
13 21
13 23
13 73
13 55
13 24
13 75
13 25
13 56
13 26
13 28
13 76
13 58
13 30
13 78
13 33
13 68
13 61
13 62
13 35
13 36
13 39
13 71
14 80
14 42
14 43
14 81
14 82
14 46
14 83
14 88
14 89
14 90
14 91
14 17
14 52
14 18
14 20
14 72
14 54
14 22
14 74
14 27
14 57
14 29
14 31
14 77
14 59
14 32
14 79
14 33
14 68
14 61
14 62
14 35
14 36
14 39
14 71
15 80
15 42
15 43
15 81
15 82
15 46
15 83
15 84
15 85
15 86
15 87
15 19
15 53
15 21
15 23
15 73
15 55
15 24
15 75
15 27
15 57
15 29
15 31
15 77
15 59
15 32
15 79
15 33
15 68
15 61
15 62
15 35
15 36
15 39
15 71
16 80
16 42
16 43
16 81
16 82
16 46
16 83
16 88
16 89
16 90
16 91
16 19
16 53
16 21
16 23
16 73
16 55
16 24
16 75
16 27
16 57
16 29
16 31
16 77
16 59
16 32
16 79
16 60
16 34
16 37
16 38
16 69
16 70
16 63
16 40
17 80
17 41
17 43
17 92
17 82
17 45
17 93
17 84
17 88
17 86
17 90
17 48
17 64
17 50
17 66
17 25
17 56
17 26
17 27
17 76
17 57
17 29
17 77
17 33
17 68
17 60
17 62
17 34
17 36
17 38
17 70
18 80
18 41
18 43
18 92
18 82
18 45
18 93
18 85
18 89
18 87
18 91
18 48
18 64
18 50
18 66
18 25
18 56
18 26
18 27
18 76
18 57
18 29
18 77
18 61
18 35
18 37
18 39
18 69
18 71
18 63
18 40
19 80
19 41
19 43
19 92
19 82
19 45
19 93
19 84
19 88
19 86
19 90
19 49
19 65
19 51
19 67
19 25
19 56
19 26
19 27
19 76
19 57
19 29
19 77
19 61
19 35
19 37
19 39
19 69
19 71
19 63
19 40
20 80
20 41
20 43
20 92
20 82
20 45
20 93
20 84
20 88
20 86
20 90
20 48
20 64
20 50
20 66
20 28
20 58
20 30
20 31
20 78
20 59
20 32
20 79
20 61
20 35
20 37
20 39
20 69
20 71
20 63
20 40
21 80
21 41
21 43
21 92
21 82
21 45
21 93
21 85
21 89
21 87
21 91
21 49
21 65
21 51
21 67
21 25
21 56
21 26
21 27
21 76
21 57
21 29
21 77
21 33
21 68
21 60
21 62
21 34
21 36
21 38
21 70
22 80
22 41
22 43
22 92
22 82
22 45
22 93
22 85
22 89
22 87
22 91
22 48
22 64
22 50
22 66
22 28
22 58
22 30
22 31
22 78
22 59
22 32
22 79
22 33
22 68
22 60
22 62
22 34
22 36
22 38
22 70
23 80
23 41
23 43
23 92
23 82
23 45
23 93
23 84
23 88
23 86
23 90
23 49
23 65
23 51
23 67
23 28
23 58
23 30
23 31
23 78
23 59
23 32
23 79
23 33
23 68
23 60
23 62
23 34
23 36
23 38
23 70
24 80
24 41
24 43
24 92
24 82
24 45
24 93
24 85
24 89
24 87
24 91
24 49
24 65
24 51
24 67
24 28
24 58
24 30
24 31
24 78
24 59
24 32
24 79
24 61
24 35
24 37
24 39
24 69
24 71
24 63
24 40
25 80
25 41
25 42
25 92
25 81
25 44
25 94
25 84
25 88
25 85
25 89
25 48
25 64
25 49
25 65
25 52
25 72
25 53
25 73
25 33
25 68
25 60
25 61
25 34
25 35
25 37
25 69
26 80
26 41
26 42
26 92
26 81
26 44
26 94
26 86
26 90
26 87
26 91
26 48
26 64
26 49
26 65
26 52
26 72
26 53
26 73
26 62
26 36
26 38
26 39
26 70
26 71
26 63
26 40
27 80
27 41
27 42
27 92
27 81
27 44
27 94
27 84
27 88
27 85
27 89
27 50
27 66
27 51
27 67
27 52
27 72
27 53
27 73
27 62
27 36
27 38
27 39
27 70
27 71
27 63
27 40
28 80
28 41
28 42
28 92
28 81
28 44
28 94
28 84
28 88
28 85
28 89
28 48
28 64
28 49
28 65
28 54
28 74
28 55
28 75
28 62
28 36
28 38
28 39
28 70
28 71
28 63
28 40
29 80
29 41
29 42
29 92
29 81
29 44
29 94
29 86
29 90
29 87
29 91
29 50
29 66
29 51
29 67
29 52
29 72
29 53
29 73
29 33
29 68
29 60
29 61
29 34
29 35
29 37
29 69
30 80
30 41
30 42
30 92
30 81
30 44
30 94
30 86
30 90
30 87
30 91
30 48
30 64
30 49
30 65
30 54
30 74
30 55
30 75
30 33
30 68
30 60
30 61
30 34
30 35
30 37
30 69
31 80
31 41
31 42
31 92
31 81
31 44
31 94
31 84
31 88
31 85
31 89
31 50
31 66
31 51
31 67
31 54
31 74
31 55
31 75
31 33
31 68
31 60
31 61
31 34
31 35
31 37
31 69
32 80
32 41
32 42
32 92
32 81
32 44
32 94
32 86
32 90
32 87
32 91
32 50
32 66
32 51
32 67
32 54
32 74
32 55
32 75
32 62
32 36
32 38
32 39
32 70
32 71
32 63
32 40
33 92
33 81
33 82
33 44
33 45
33 46
33 95
33 88
33 85
33 86
33 91
33 64
33 49
33 50
33 67
33 72
33 53
33 54
33 75
33 76
33 57
33 58
33 79
34 92
34 81
34 82
34 44
34 45
34 46
34 95
34 84
34 89
34 90
34 87
34 48
34 65
34 66
34 51
34 72
34 53
34 54
34 75
34 76
34 57
34 58
34 79
35 92
35 81
35 82
35 44
35 45
35 46
35 95
35 84
35 89
35 90
35 87
35 64
35 49
35 50
35 67
35 52
35 73
35 74
35 55
35 76
35 57
35 58
35 79
36 92
36 81
36 82
36 44
36 45
36 46
36 95
36 84
36 89
36 90
36 87
36 64
36 49
36 50
36 67
36 72
36 53
36 54
36 75
36 56
36 77
36 78
36 59
37 92
37 81
37 82
37 44
37 45
37 46
37 95
37 88
37 85
37 86
37 91
37 48
37 65
37 66
37 51
37 52
37 73
37 74
37 55
37 76
37 57
37 58
37 79
38 92
38 81
38 82
38 44
38 45
38 46
38 95
38 88
38 85
38 86
38 91
38 48
38 65
38 66
38 51
38 72
38 53
38 54
38 75
38 56
38 77
38 78
38 59
39 92
39 81
39 82
39 44
39 45
39 46
39 95
39 88
39 85
39 86
39 91
39 64
39 49
39 50
39 67
39 52
39 73
39 74
39 55
39 56
39 77
39 78
39 59
40 92
40 81
40 82
40 44
40 45
40 46
40 95
40 84
40 89
40 90
40 87
40 48
40 65
40 66
40 51
40 52
40 73
40 74
40 55
40 56
40 77
40 78
40 59
80 84
80 88
80 85
80 86
80 89
80 90
80 87
80 91
80 68
80 60
80 61
80 62
80 69
80 70
80 71
80 63
84 92
84 81
84 82
84 94
84 93
84 83
84 95
84 48
84 49
84 50
84 51
84 52
84 53
84 54
84 55
84 56
84 57
84 58
84 59
84 68
84 69
84 70
84 71
88 92
88 81
88 82
88 94
88 93
88 83
88 95
88 64
88 65
88 66
88 67
88 52
88 53
88 54
88 55
88 56
88 57
88 58
88 59
88 60
88 61
88 62
88 63
85 92
85 81
85 82
85 94
85 93
85 83
85 95
85 48
85 49
85 50
85 51
85 72
85 73
85 74
85 75
85 56
85 57
85 58
85 59
85 60
85 61
85 62
85 63
86 92
86 81
86 82
86 94
86 93
86 83
86 95
86 48
86 49
86 50
86 51
86 52
86 53
86 54
86 55
86 76
86 77
86 78
86 79
86 60
86 61
86 62
86 63
89 92
89 81
89 82
89 94
89 93
89 83
89 95
89 64
89 65
89 66
89 67
89 72
89 73
89 74
89 75
89 56
89 57
89 58
89 59
89 68
89 69
89 70
89 71
90 92
90 81
90 82
90 94
90 93
90 83
90 95
90 64
90 65
90 66
90 67
90 52
90 53
90 54
90 55
90 76
90 77
90 78
90 79
90 68
90 69
90 70
90 71
87 92
87 81
87 82
87 94
87 93
87 83
87 95
87 48
87 49
87 50
87 51
87 72
87 73
87 74
87 75
87 76
87 77
87 78
87 79
87 68
87 69
87 70
87 71
91 92
91 81
91 82
91 94
91 93
91 83
91 95
91 64
91 65
91 66
91 67
91 72
91 73
91 74
91 75
91 76
91 77
91 78
91 79
91 60
91 61
91 62
91 63
68 41
68 42
68 43
68 94
68 93
68 83
68 47
68 64
68 49
68 50
68 67
68 72
68 53
68 54
68 75
68 76
68 57
68 58
68 79
60 41
60 42
60 43
60 94
60 93
60 83
60 47
60 48
60 65
60 66
60 51
60 72
60 53
60 54
60 75
60 76
60 57
60 58
60 79
61 41
61 42
61 43
61 94
61 93
61 83
61 47
61 64
61 49
61 50
61 67
61 52
61 73
61 74
61 55
61 76
61 57
61 58
61 79
62 41
62 42
62 43
62 94
62 93
62 83
62 47
62 64
62 49
62 50
62 67
62 72
62 53
62 54
62 75
62 56
62 77
62 78
62 59
69 41
69 42
69 43
69 94
69 93
69 83
69 47
69 48
69 65
69 66
69 51
69 52
69 73
69 74
69 55
69 76
69 57
69 58
69 79
70 41
70 42
70 43
70 94
70 93
70 83
70 47
70 48
70 65
70 66
70 51
70 72
70 53
70 54
70 75
70 56
70 77
70 78
70 59
71 41
71 42
71 43
71 94
71 93
71 83
71 47
71 64
71 49
71 50
71 67
71 52
71 73
71 74
71 55
71 56
71 77
71 78
71 59
63 41
63 42
63 43
63 94
63 93
63 83
63 47
63 48
63 65
63 66
63 51
63 52
63 73
63 74
63 55
63 56
63 77
63 78
63 59
41 48
41 64
41 49
41 50
41 65
41 66
41 51
41 67
48 92
48 44
48 45
48 94
48 93
48 47
48 95
48 52
48 72
48 54
48 74
48 56
48 76
48 58
48 78
64 92
64 44
64 45
64 94
64 93
64 47
64 95
64 52
64 72
64 54
64 74
64 56
64 76
64 58
64 78
49 92
49 44
49 45
49 94
49 93
49 47
49 95
49 53
49 73
49 55
49 75
49 56
49 76
49 58
49 78
50 92
50 44
50 45
50 94
50 93
50 47
50 95
50 52
50 72
50 54
50 74
50 57
50 77
50 59
50 79
65 92
65 44
65 45
65 94
65 93
65 47
65 95
65 53
65 73
65 55
65 75
65 56
65 76
65 58
65 78
66 92
66 44
66 45
66 94
66 93
66 47
66 95
66 52
66 72
66 54
66 74
66 57
66 77
66 59
66 79
51 92
51 44
51 45
51 94
51 93
51 47
51 95
51 53
51 73
51 55
51 75
51 57
51 77
51 59
51 79
67 92
67 44
67 45
67 94
67 93
67 47
67 95
67 53
67 73
67 55
67 75
67 57
67 77
67 59
67 79
42 52
42 72
42 53
42 54
42 73
42 74
42 55
42 75
52 81
52 44
52 46
52 94
52 83
52 47
52 95
52 56
52 76
52 57
52 77
72 81
72 44
72 46
72 94
72 83
72 47
72 95
72 56
72 76
72 57
72 77
53 81
53 44
53 46
53 94
53 83
53 47
53 95
53 56
53 76
53 57
53 77
54 81
54 44
54 46
54 94
54 83
54 47
54 95
54 58
54 78
54 59
54 79
73 81
73 44
73 46
73 94
73 83
73 47
73 95
73 56
73 76
73 57
73 77
74 81
74 44
74 46
74 94
74 83
74 47
74 95
74 58
74 78
74 59
74 79
55 81
55 44
55 46
55 94
55 83
55 47
55 95
55 58
55 78
55 59
55 79
75 81
75 44
75 46
75 94
75 83
75 47
75 95
75 58
75 78
75 59
75 79
43 56
43 76
43 57
43 58
43 77
43 78
43 59
43 79
56 82
56 45
56 46
56 93
56 83
56 47
56 95
76 82
76 45
76 46
76 93
76 83
76 47
76 95
57 82
57 45
57 46
57 93
57 83
57 47
57 95
58 82
58 45
58 46
58 93
58 83
58 47
58 95
77 82
77 45
77 46
77 93
77 83
77 47
77 95
78 82
78 45
78 46
78 93
78 83
78 47
78 95
59 82
59 45
59 46
59 93
59 83
59 47
59 95
79 82
79 45
79 46
79 93
79 83
79 47
79 95
