0 1
0 2
0 3
0 4
0 5
0 6
0 7
0 8
0 9
0 10
0 11
0 12
0 13
0 14
0 15
0 16
0 17
0 18
0 19
0 20
0 21
0 22
0 23
0 24
0 25
0 26
0 27
0 28
0 29
0 30
0 31
0 32
0 96
0 97
0 98
0 99
0 100
0 101
0 102
0 103
1 41
1 42
1 43
1 44
1 45
1 46
1 47
1 9
1 48
1 11
1 12
1 49
1 50
1 15
1 51
1 17
1 52
1 19
1 20
1 53
1 54
1 23
1 55
1 25
1 56
1 27
1 28
1 57
1 58
1 31
1 59
1 104
1 97
1 98
1 99
1 105
1 106
1 107
1 103
2 41
2 42
2 43
2 44
2 45
2 46
2 47
2 10
2 64
2 13
2 14
2 65
2 66
2 16
2 67
2 17
2 52
2 19
2 20
2 53
2 54
2 23
2 55
2 25
2 56
2 27
2 28
2 57
2 58
2 31
2 59
2 96
2 108
2 109
2 110
2 100
2 101
2 102
2 111
3 41
3 42
3 43
3 44
3 45
3 46
3 47
3 9
3 48
3 11
3 12
3 49
3 50
3 15
3 51
3 18
3 72
3 21
3 22
3 73
3 74
3 24
3 75
3 25
3 56
3 27
3 28
3 57
3 58
3 31
3 59
3 96
3 108
3 109
3 110
3 100
3 101
3 102
3 111
4 41
4 42
4 43
4 44
4 45
4 46
4 47
4 9
4 48
4 11
4 12
4 49
4 50
4 15
4 51
4 17
4 52
4 19
4 20
4 53
4 54
4 23
4 55
4 26
4 76
4 29
4 30
4 77
4 78
4 32
4 79
4 96
4 108
4 109
4 110
4 100
4 101
4 102
4 111
5 41
5 42
5 43
5 44
5 45
5 46
5 47
5 10
5 64
5 13
5 14
5 65
5 66
5 16
5 67
5 18
5 72
5 21
5 22
5 73
5 74
5 24
5 75
5 25
5 56
5 27
5 28
5 57
5 58
5 31
5 59
5 104
5 97
5 98
5 99
5 105
5 106
5 107
5 103
6 41
6 42
6 43
6 44
6 45
6 46
6 47
6 10
6 64
6 13
6 14
6 65
6 66
6 16
6 67
6 17
6 52
6 19
6 20
6 53
6 54
6 23
6 55
6 26
6 76
6 29
6 30
6 77
6 78
6 32
6 79
6 104
6 97
6 98
6 99
6 105
6 106
6 107
6 103
7 41
7 42
7 43
7 44
7 45
7 46
7 47
7 9
7 48
7 11
7 12
7 49
7 50
7 15
7 51
7 18
7 72
7 21
7 22
7 73
7 74
7 24
7 75
7 26
7 76
7 29
7 30
7 77
7 78
7 32
7 79
7 104
7 97
7 98
7 99
7 105
7 106
7 107
7 103
8 41
8 42
8 43
8 44
8 45
8 46
8 47
8 10
8 64
8 13
8 14
8 65
8 66
8 16
8 67
8 18
8 72
8 21
8 22
8 73
8 74
8 24
8 75
8 26
8 76
8 29
8 30
8 77
8 78
8 32
8 79
8 96
8 108
8 109
8 110
8 100
8 101
8 102
8 111
9 80
9 42
9 43
9 81
9 82
9 46
9 83
9 84
9 85
9 86
9 87
9 17
9 52
9 18
9 20
9 72
9 54
9 22
9 74
9 25
9 56
9 26
9 28
9 76
9 58
9 30
9 78
9 104
9 96
9 98
9 99
9 109
9 110
9 107
9 102
10 80
10 42
10 43
10 81
10 82
10 46
10 83
10 88
10 89
10 90
10 91
10 17
10 52
10 18
10 20
10 72
10 54
10 22
10 74
10 25
10 56
10 26
10 28
10 76
10 58
10 30
10 78
10 97
10 108
10 105
10 106
10 100
10 101
10 103
10 111
11 80
11 42
11 43
11 81
11 82
11 46
11 83
11 84
11 85
11 86
11 87
11 19
11 53
11 21
11 23
11 73
11 55
11 24
11 75
11 25
11 56
11 26
11 28
11 76
11 58
11 30
11 78
11 97
11 108
11 105
11 106
11 100
11 101
11 103
11 111
12 80
12 42
12 43
12 81
12 82
12 46
12 83
12 84
12 85
12 86
12 87
12 17
12 52
12 18
12 20
12 72
12 54
12 22
12 74
12 27
12 57
12 29
12 31
12 77
12 59
12 32
12 79
12 97
12 108
12 105
12 106
12 100
12 101
12 103
12 111
13 80
13 42
13 43
13 81
13 82
13 46
13 83
13 88
13 89
13 90
13 91
13 19
13 53
13 21
13 23
13 73
13 55
13 24
13 75
13 25
13 56
13 26
13 28
13 76
13 58
13 30
13 78
13 104
13 96
13 98
13 99
13 109
13 110
13 107
13 102
14 80
14 42
14 43
14 81
14 82
14 46
14 83
14 88
14 89
14 90
14 91
14 17
14 52
14 18
14 20
14 72
14 54
14 22
14 74
14 27
14 57
14 29
14 31
14 77
14 59
14 32
14 79
14 104
14 96
14 98
14 99
14 109
14 110
14 107
14 102
15 80
15 42
15 43
15 81
15 82
15 46
15 83
15 84
15 85
15 86
15 87
15 19
15 53
15 21
15 23
15 73
15 55
15 24
15 75
15 27
15 57
15 29
15 31
15 77
15 59
15 32
15 79
15 104
15 96
15 98
15 99
15 109
15 110
15 107
15 102
16 80
16 42
16 43
16 81
16 82
16 46
16 83
16 88
16 89
16 90
16 91
16 19
16 53
16 21
16 23
16 73
16 55
16 24
16 75
16 27
16 57
16 29
16 31
16 77
16 59
16 32
16 79
16 97
16 108
16 105
16 106
16 100
16 101
16 103
16 111
17 80
17 41
17 43
17 92
17 82
17 45
17 93
17 84
17 88
17 86
17 90
17 48
17 64
17 50
17 66
17 25
17 56
17 26
17 27
17 76
17 57
17 29
17 77
17 104
17 96
17 97
17 99
17 108
17 110
17 106
17 101
18 80
18 41
18 43
18 92
18 82
18 45
18 93
18 85
18 89
18 87
18 91
18 48
18 64
18 50
18 66
18 25
18 56
18 26
18 27
18 76
18 57
18 29
18 77
18 98
18 109
18 105
18 107
18 100
18 102
18 103
18 111
19 80
19 41
19 43
19 92
19 82
19 45
19 93
19 84
19 88
19 86
19 90
19 49
19 65
19 51
19 67
19 25
19 56
19 26
19 27
19 76
19 57
19 29
19 77
19 98
19 109
19 105
19 107
19 100
19 102
19 103
19 111
20 80
20 41
20 43
20 92
20 82
20 45
20 93
20 84
20 88
20 86
20 90
20 48
20 64
20 50
20 66
20 28
20 58
20 30
20 31
20 78
20 59
20 32
20 79
20 98
20 109
20 105
20 107
20 100
20 102
20 103
20 111
21 80
21 41
21 43
21 92
21 82
21 45
21 93
21 85
21 89
21 87
21 91
21 49
21 65
21 51
21 67
21 25
21 56
21 26
21 27
21 76
21 57
21 29
21 77
21 104
21 96
21 97
21 99
21 108
21 110
21 106
21 101
22 80
22 41
22 43
22 92
22 82
22 45
22 93
22 85
22 89
22 87
22 91
22 48
22 64
22 50
22 66
22 28
22 58
22 30
22 31
22 78
22 59
22 32
22 79
22 104
22 96
22 97
22 99
22 108
22 110
22 106
22 101
23 80
23 41
23 43
23 92
23 82
23 45
23 93
23 84
23 88
23 86
23 90
23 49
23 65
23 51
23 67
23 28
23 58
23 30
23 31
23 78
23 59
23 32
23 79
23 104
23 96
23 97
23 99
23 108
23 110
23 106
23 101
24 80
24 41
24 43
24 92
24 82
24 45
24 93
24 85
24 89
24 87
24 91
24 49
24 65
24 51
24 67
24 28
24 58
24 30
24 31
24 78
24 59
24 32
24 79
24 98
24 109
24 105
24 107
24 100
24 102
24 103
24 111
25 80
25 41
25 42
25 92
25 81
25 44
25 94
25 84
25 88
25 85
25 89
25 48
25 64
25 49
25 65
25 52
25 72
25 53
25 73
25 104
25 96
25 97
25 98
25 108
25 109
25 105
25 100
26 80
26 41
26 42
26 92
26 81
26 44
26 94
26 86
26 90
26 87
26 91
26 48
26 64
26 49
26 65
26 52
26 72
26 53
26 73
26 99
26 110
26 106
26 107
26 101
26 102
26 103
26 111
27 80
27 41
27 42
27 92
27 81
27 44
27 94
27 84
27 88
27 85
27 89
27 50
27 66
27 51
27 67
27 52
27 72
27 53
27 73
27 99
27 110
27 106
27 107
27 101
27 102
27 103
27 111
28 80
28 41
28 42
28 92
28 81
28 44
28 94
28 84
28 88
28 85
28 89
28 48
28 64
28 49
28 65
28 54
28 74
28 55
28 75
28 99
28 110
28 106
28 107
28 101
28 102
28 103
28 111
29 80
29 41
29 42
29 92
29 81
29 44
29 94
29 86
29 90
29 87
29 91
29 50
29 66
29 51
29 67
29 52
29 72
29 53
29 73
29 104
29 96
29 97
29 98
29 108
29 109
29 105
29 100
30 80
30 41
30 42
30 92
30 81
30 44
30 94
30 86
30 90
30 87
30 91
30 48
30 64
30 49
30 65
30 54
30 74
30 55
30 75
30 104
30 96
30 97
30 98
30 108
30 109
30 105
30 100
31 80
31 41
31 42
31 92
31 81
31 44
31 94
31 84
31 88
31 85
31 89
31 50
31 66
31 51
31 67
31 54
31 74
31 55
31 75
31 104
31 96
31 97
31 98
31 108
31 109
31 105
31 100
32 80
32 41
32 42
32 92
32 81
32 44
32 94
32 86
32 90
32 87
32 91
32 50
32 66
32 51
32 67
32 54
32 74
32 55
32 75
32 99
32 110
32 106
32 107
32 101
32 102
32 103
32 111
96 92
96 81
96 82
96 44
96 45
96 46
96 95
96 84
96 89
96 90
96 87
96 64
96 49
96 50
96 67
96 72
96 53
96 54
96 75
96 76
96 57
96 58
96 79
97 92
97 81
97 82
97 44
97 45
97 46
97 95
97 88
97 85
97 86
97 91
97 48
97 65
97 66
97 51
97 72
97 53
97 54
97 75
97 76
97 57
97 58
97 79
98 92
98 81
98 82
98 44
98 45
98 46
98 95
98 88
98 85
98 86
98 91
98 64
98 49
98 50
98 67
98 52
98 73
98 74
98 55
98 76
98 57
98 58
98 79
99 92
99 81
99 82
99 44
99 45
99 46
99 95
99 88
99 85
99 86
99 91
99 64
99 49
99 50
99 67
99 72
99 53
99 54
99 75
99 56
99 77
99 78
99 59
100 92
100 81
100 82
100 44
100 45
100 46
100 95
100 84
100 89
100 90
100 87
100 48
100 65
100 66
100 51
100 52
100 73
100 74
100 55
100 76
100 57
100 58
100 79
101 92
101 81
101 82
101 44
101 45
101 46
101 95
101 84
101 89
101 90
101 87
101 48
101 65
101 66
101 51
101 72
101 53
101 54
101 75
101 56
101 77
101 78
101 59
102 92
102 81
102 82
102 44
102 45
102 46
102 95
102 84
102 89
102 90
102 87
102 64
102 49
102 50
102 67
102 52
102 73
102 74
102 55
102 56
102 77
102 78
102 59
103 92
103 81
103 82
103 44
103 45
103 46
103 95
103 88
103 85
103 86
103 91
103 48
103 65
103 66
103 51
103 52
103 73
103 74
103 55
103 56
103 77
103 78
103 59
80 84
80 88
80 85
80 86
80 89
80 90
80 87
80 91
80 104
80 108
80 109
80 110
80 105
80 106
80 107
80 111
84 92
84 81
84 82
84 94
84 93
84 83
84 95
84 48
84 49
84 50
84 51
84 52
84 53
84 54
84 55
84 56
84 57
84 58
84 59
84 108
84 109
84 110
84 111
88 92
88 81
88 82
88 94
88 93
88 83
88 95
88 64
88 65
88 66
88 67
88 52
88 53
88 54
88 55
88 56
88 57
88 58
88 59
88 104
88 105
88 106
88 107
85 92
85 81
85 82
85 94
85 93
85 83
85 95
85 48
85 49
85 50
85 51
85 72
85 73
85 74
85 75
85 56
85 57
85 58
85 59
85 104
85 105
85 106
85 107
86 92
86 81
86 82
86 94
86 93
86 83
86 95
86 48
86 49
86 50
86 51
86 52
86 53
86 54
86 55
86 76
86 77
86 78
86 79
86 104
86 105
86 106
86 107
89 92
89 81
89 82
89 94
89 93
89 83
89 95
89 64
89 65
89 66
89 67
89 72
89 73
89 74
89 75
89 56
89 57
89 58
89 59
89 108
89 109
89 110
89 111
90 92
90 81
90 82
90 94
90 93
90 83
90 95
90 64
90 65
90 66
90 67
90 52
90 53
90 54
90 55
90 76
90 77
90 78
90 79
90 108
90 109
90 110
90 111
87 92
87 81
87 82
87 94
87 93
87 83
87 95
87 48
87 49
87 50
87 51
87 72
87 73
87 74
87 75
87 76
87 77
87 78
87 79
87 108
87 109
87 110
87 111
91 92
91 81
91 82
91 94
91 93
91 83
91 95
91 64
91 65
91 66
91 67
91 72
91 73
91 74
91 75
91 76
91 77
91 78
91 79
91 104
91 105
91 106
91 107
104 41
104 42
104 43
104 94
104 93
104 83
104 47
104 64
104 49
104 50
104 67
104 72
104 53
104 54
104 75
104 76
104 57
104 58
104 79
108 41
108 42
108 43
108 94
108 93
108 83
108 47
108 48
108 65
108 66
108 51
108 72
108 53
108 54
108 75
108 76
108 57
108 58
108 79
109 41
109 42
109 43
109 94
109 93
109 83
109 47
109 64
109 49
109 50
109 67
109 52
109 73
109 74
109 55
109 76
109 57
109 58
109 79
110 41
110 42
110 43
110 94
110 93
110 83
110 47
110 64
110 49
110 50
110 67
110 72
110 53
110 54
110 75
110 56
110 77
110 78
110 59
105 41
105 42
105 43
105 94
105 93
105 83
105 47
105 48
105 65
105 66
105 51
105 52
105 73
105 74
105 55
105 76
105 57
105 58
105 79
106 41
106 42
106 43
106 94
106 93
106 83
106 47
106 48
106 65
106 66
106 51
106 72
106 53
106 54
106 75
106 56
106 77
106 78
106 59
107 41
107 42
107 43
107 94
107 93
107 83
107 47
107 64
107 49
107 50
107 67
107 52
107 73
107 74
107 55
107 56
107 77
107 78
107 59
111 41
111 42
111 43
111 94
111 93
111 83
111 47
111 48
111 65
111 66
111 51
111 52
111 73
111 74
111 55
111 56
111 77
111 78
111 59
41 48
41 64
41 49
41 50
41 65
41 66
41 51
41 67
48 92
48 44
48 45
48 94
48 93
48 47
48 95
48 52
48 72
48 54
48 74
48 56
48 76
48 58
48 78
64 92
64 44
64 45
64 94
64 93
64 47
64 95
64 52
64 72
64 54
64 74
64 56
64 76
64 58
64 78
49 92
49 44
49 45
49 94
49 93
49 47
49 95
49 53
49 73
49 55
49 75
49 56
49 76
49 58
49 78
50 92
50 44
50 45
50 94
50 93
50 47
50 95
50 52
50 72
50 54
50 74
50 57
50 77
50 59
50 79
65 92
65 44
65 45
65 94
65 93
65 47
65 95
65 53
65 73
65 55
65 75
65 56
65 76
65 58
65 78
66 92
66 44
66 45
66 94
66 93
66 47
66 95
66 52
66 72
66 54
66 74
66 57
66 77
66 59
66 79
51 92
51 44
51 45
51 94
51 93
51 47
51 95
51 53
51 73
51 55
51 75
51 57
51 77
51 59
51 79
67 92
67 44
67 45
67 94
67 93
67 47
67 95
67 53
67 73
67 55
67 75
67 57
67 77
67 59
67 79
42 52
42 72
42 53
42 54
42 73
42 74
42 55
42 75
52 81
52 44
52 46
52 94
52 83
52 47
52 95
52 56
52 76
52 57
52 77
72 81
72 44
72 46
72 94
72 83
72 47
72 95
72 56
72 76
72 57
72 77
53 81
53 44
53 46
53 94
53 83
53 47
53 95
53 56
53 76
53 57
53 77
54 81
54 44
54 46
54 94
54 83
54 47
54 95
54 58
54 78
54 59
54 79
73 81
73 44
73 46
73 94
73 83
73 47
73 95
73 56
73 76
73 57
73 77
74 81
74 44
74 46
74 94
74 83
74 47
74 95
74 58
74 78
74 59
74 79
55 81
55 44
55 46
55 94
55 83
55 47
55 95
55 58
55 78
55 59
55 79
75 81
75 44
75 46
75 94
75 83
75 47
75 95
75 58
75 78
75 59
75 79
43 56
43 76
43 57
43 58
43 77
43 78
43 59
43 79
56 82
56 45
56 46
56 93
56 83
56 47
56 95
76 82
76 45
76 46
76 93
76 83
76 47
76 95
57 82
57 45
57 46
57 93
57 83
57 47
57 95
58 82
58 45
58 46
58 93
58 83
58 47
58 95
77 82
77 45
77 46
77 93
77 83
77 47
77 95
78 82
78 45
78 46
78 93
78 83
78 47
78 95
59 82
59 45
59 46
59 93
59 83
59 47
59 95
79 82
79 45
79 46
79 93
79 83
79 47
79 95
