0 1
0 2
0 3
0 4
0 5
0 6
0 7
0 8
0 9
0 10
0 11
0 12
0 13
0 14
0 15
0 16
0 17
0 18
0 19
0 20
0 21
0 22
0 23
0 24
0 25
0 26
0 27
0 28
0 29
0 30
0 31
0 32
0 33
0 34
0 35
0 36
0 37
0 38
0 39
0 40
0 41
0 42
0 43
0 44
0 45
0 46
0 47
0 48
0 49
0 50
0 51
0 52
0 53
0 54
0 55
0 56
0 57
0 58
0 59
0 60
0 61
0 62
0 63
0 64
0 65
0 66
0 67
0 68
0 69
0 70
0 71
0 72
0 73
0 74
0 75
0 76
0 77
0 78
0 79
0 80
0 224
0 225
0 226
0 227
0 228
0 229
0 230
0 231
0 232
0 233
0 234
0 235
0 236
0 237
0 238
0 239
1 97
1 98
1 99
1 100
1 101
1 102
1 103
1 104
1 105
1 106
1 107
1 108
1 109
1 110
1 111
1 17
1 112
1 19
1 20
1 21
1 113
1 114
1 115
1 25
1 26
1 27
1 116
1 117
1 118
1 31
1 119
1 33
1 120
1 35
1 36
1 37
1 121
1 122
1 123
1 41
1 42
1 43
1 124
1 125
1 126
1 47
1 127
1 49
1 128
1 51
1 52
1 53
1 129
1 130
1 131
1 57
1 58
1 59
1 132
1 133
1 134
1 63
1 135
1 65
1 136
1 67
1 68
1 69
1 137
1 138
1 139
1 73
1 74
1 75
1 140
1 141
1 142
1 79
1 143
1 240
1 225
1 226
1 227
1 228
1 241
1 242
1 243
1 244
1 245
1 246
1 235
1 236
1 237
1 238
1 247
2 97
2 98
2 99
2 100
2 101
2 102
2 103
2 104
2 105
2 106
2 107
2 108
2 109
2 110
2 111
2 18
2 152
2 22
2 23
2 24
2 153
2 154
2 155
2 28
2 29
2 30
2 156
2 157
2 158
2 32
2 159
2 33
2 120
2 35
2 36
2 37
2 121
2 122
2 123
2 41
2 42
2 43
2 124
2 125
2 126
2 47
2 127
2 49
2 128
2 51
2 52
2 53
2 129
2 130
2 131
2 57
2 58
2 59
2 132
2 133
2 134
2 63
2 135
2 65
2 136
2 67
2 68
2 69
2 137
2 138
2 139
2 73
2 74
2 75
2 140
2 141
2 142
2 79
2 143
2 224
2 248
2 249
2 250
2 251
2 229
2 230
2 231
2 232
2 233
2 234
2 252
2 253
2 254
2 255
2 239
3 97
3 98
3 99
3 100
3 101
3 102
3 103
3 104
3 105
3 106
3 107
3 108
3 109
3 110
3 111
3 17
3 112
3 19
3 20
3 21
3 113
3 114
3 115
3 25
3 26
3 27
3 116
3 117
3 118
3 31
3 119
3 34
3 168
3 38
3 39
3 40
3 169
3 170
3 171
3 44
3 45
3 46
3 172
3 173
3 174
3 48
3 175
3 49
3 128
3 51
3 52
3 53
3 129
3 130
3 131
3 57
3 58
3 59
3 132
3 133
3 134
3 63
3 135
3 65
3 136
3 67
3 68
3 69
3 137
3 138
3 139
3 73
3 74
3 75
3 140
3 141
3 142
3 79
3 143
3 224
3 248
3 249
3 250
3 251
3 229
3 230
3 231
3 232
3 233
3 234
3 252
3 253
3 254
3 255
3 239
4 97
4 98
4 99
4 100
4 101
4 102
4 103
4 104
4 105
4 106
4 107
4 108
4 109
4 110
4 111
4 17
4 112
4 19
4 20
4 21
4 113
4 114
4 115
4 25
4 26
4 27
4 116
4 117
4 118
4 31
4 119
4 33
4 120
4 35
4 36
4 37
4 121
4 122
4 123
4 41
4 42
4 43
4 124
4 125
4 126
4 47
4 127
4 50
4 176
4 54
4 55
4 56
4 177
4 178
4 179
4 60
4 61
4 62
4 180
4 181
4 182
4 64
4 183
4 65
4 136
4 67
4 68
4 69
4 137
4 138
4 139
4 73
4 74
4 75
4 140
4 141
4 142
4 79
4 143
4 224
4 248
4 249
4 250
4 251
4 229
4 230
4 231
4 232
4 233
4 234
4 252
4 253
4 254
4 255
4 239
5 97
5 98
5 99
5 100
5 101
5 102
5 103
5 104
5 105
5 106
5 107
5 108
5 109
5 110
5 111
5 17
5 112
5 19
5 20
5 21
5 113
5 114
5 115
5 25
5 26
5 27
5 116
5 117
5 118
5 31
5 119
5 33
5 120
5 35
5 36
5 37
5 121
5 122
5 123
5 41
5 42
5 43
5 124
5 125
5 126
5 47
5 127
5 49
5 128
5 51
5 52
5 53
5 129
5 130
5 131
5 57
5 58
5 59
5 132
5 133
5 134
5 63
5 135
5 66
5 184
5 70
5 71
5 72
5 185
5 186
5 187
5 76
5 77
5 78
5 188
5 189
5 190
5 80
5 191
5 224
5 248
5 249
5 250
5 251
5 229
5 230
5 231
5 232
5 233
5 234
5 252
5 253
5 254
5 255
5 239
6 97
6 98
6 99
6 100
6 101
6 102
6 103
6 104
6 105
6 106
6 107
6 108
6 109
6 110
6 111
6 18
6 152
6 22
6 23
6 24
6 153
6 154
6 155
6 28
6 29
6 30
6 156
6 157
6 158
6 32
6 159
6 34
6 168
6 38
6 39
6 40
6 169
6 170
6 171
6 44
6 45
6 46
6 172
6 173
6 174
6 48
6 175
6 49
6 128
6 51
6 52
6 53
6 129
6 130
6 131
6 57
6 58
6 59
6 132
6 133
6 134
6 63
6 135
6 65
6 136
6 67
6 68
6 69
6 137
6 138
6 139
6 73
6 74
6 75
6 140
6 141
6 142
6 79
6 143
6 240
6 225
6 226
6 227
6 228
6 241
6 242
6 243
6 244
6 245
6 246
6 235
6 236
6 237
6 238
6 247
7 97
7 98
7 99
7 100
7 101
7 102
7 103
7 104
7 105
7 106
7 107
7 108
7 109
7 110
7 111
7 18
7 152
7 22
7 23
7 24
7 153
7 154
7 155
7 28
7 29
7 30
7 156
7 157
7 158
7 32
7 159
7 33
7 120
7 35
7 36
7 37
7 121
7 122
7 123
7 41
7 42
7 43
7 124
7 125
7 126
7 47
7 127
7 50
7 176
7 54
7 55
7 56
7 177
7 178
7 179
7 60
7 61
7 62
7 180
7 181
7 182
7 64
7 183
7 65
7 136
7 67
7 68
7 69
7 137
7 138
7 139
7 73
7 74
7 75
7 140
7 141
7 142
7 79
7 143
7 240
7 225
7 226
7 227
7 228
7 241
7 242
7 243
7 244
7 245
7 246
7 235
7 236
7 237
7 238
7 247
8 97
8 98
8 99
8 100
8 101
8 102
8 103
8 104
8 105
8 106
8 107
8 108
8 109
8 110
8 111
8 18
8 152
8 22
8 23
8 24
8 153
8 154
8 155
8 28
8 29
8 30
8 156
8 157
8 158
8 32
8 159
8 33
8 120
8 35
8 36
8 37
8 121
8 122
8 123
8 41
8 42
8 43
8 124
8 125
8 126
8 47
8 127
8 49
8 128
8 51
8 52
8 53
8 129
8 130
8 131
8 57
8 58
8 59
8 132
8 133
8 134
8 63
8 135
8 66
8 184
8 70
8 71
8 72
8 185
8 186
8 187
8 76
8 77
8 78
8 188
8 189
8 190
8 80
8 191
8 240
8 225
8 226
8 227
8 228
8 241
8 242
8 243
8 244
8 245
8 246
8 235
8 236
8 237
8 238
8 247
9 97
9 98
9 99
9 100
9 101
9 102
9 103
9 104
9 105
9 106
9 107
9 108
9 109
9 110
9 111
9 17
9 112
9 19
9 20
9 21
9 113
9 114
9 115
9 25
9 26
9 27
9 116
9 117
9 118
9 31
9 119
9 34
9 168
9 38
9 39
9 40
9 169
9 170
9 171
9 44
9 45
9 46
9 172
9 173
9 174
9 48
9 175
9 50
9 176
9 54
9 55
9 56
9 177
9 178
9 179
9 60
9 61
9 62
9 180
9 181
9 182
9 64
9 183
9 65
9 136
9 67
9 68
9 69
9 137
9 138
9 139
9 73
9 74
9 75
9 140
9 141
9 142
9 79
9 143
9 240
9 225
9 226
9 227
9 228
9 241
9 242
9 243
9 244
9 245
9 246
9 235
9 236
9 237
9 238
9 247
10 97
10 98
10 99
10 100
10 101
10 102
10 103
10 104
10 105
10 106
10 107
10 108
10 109
10 110
10 111
10 17
10 112
10 19
10 20
10 21
10 113
10 114
10 115
10 25
10 26
10 27
10 116
10 117
10 118
10 31
10 119
10 34
10 168
10 38
10 39
10 40
10 169
10 170
10 171
10 44
10 45
10 46
10 172
10 173
10 174
10 48
10 175
10 49
10 128
10 51
10 52
10 53
10 129
10 130
10 131
10 57
10 58
10 59
10 132
10 133
10 134
10 63
10 135
10 66
10 184
10 70
10 71
10 72
10 185
10 186
10 187
10 76
10 77
10 78
10 188
10 189
10 190
10 80
10 191
10 240
10 225
10 226
10 227
10 228
10 241
10 242
10 243
10 244
10 245
10 246
10 235
10 236
10 237
10 238
10 247
11 97
11 98
11 99
11 100
11 101
11 102
11 103
11 104
11 105
11 106
11 107
11 108
11 109
11 110
11 111
11 17
11 112
11 19
11 20
11 21
11 113
11 114
11 115
11 25
11 26
11 27
11 116
11 117
11 118
11 31
11 119
11 33
11 120
11 35
11 36
11 37
11 121
11 122
11 123
11 41
11 42
11 43
11 124
11 125
11 126
11 47
11 127
11 50
11 176
11 54
11 55
11 56
11 177
11 178
11 179
11 60
11 61
11 62
11 180
11 181
11 182
11 64
11 183
11 66
11 184
11 70
11 71
11 72
11 185
11 186
11 187
11 76
11 77
11 78
11 188
11 189
11 190
11 80
11 191
11 240
11 225
11 226
11 227
11 228
11 241
11 242
11 243
11 244
11 245
11 246
11 235
11 236
11 237
11 238
11 247
12 97
12 98
12 99
12 100
12 101
12 102
12 103
12 104
12 105
12 106
12 107
12 108
12 109
12 110
12 111
12 18
12 152
12 22
12 23
12 24
12 153
12 154
12 155
12 28
12 29
12 30
12 156
12 157
12 158
12 32
12 159
12 34
12 168
12 38
12 39
12 40
12 169
12 170
12 171
12 44
12 45
12 46
12 172
12 173
12 174
12 48
12 175
12 50
12 176
12 54
12 55
12 56
12 177
12 178
12 179
12 60
12 61
12 62
12 180
12 181
12 182
12 64
12 183
12 65
12 136
12 67
12 68
12 69
12 137
12 138
12 139
12 73
12 74
12 75
12 140
12 141
12 142
12 79
12 143
12 224
12 248
12 249
12 250
12 251
12 229
12 230
12 231
12 232
12 233
12 234
12 252
12 253
12 254
12 255
12 239
13 97
13 98
13 99
13 100
13 101
13 102
13 103
13 104
13 105
13 106
13 107
13 108
13 109
13 110
13 111
13 18
13 152
13 22
13 23
13 24
13 153
13 154
13 155
13 28
13 29
13 30
13 156
13 157
13 158
13 32
13 159
13 34
13 168
13 38
13 39
13 40
13 169
13 170
13 171
13 44
13 45
13 46
13 172
13 173
13 174
13 48
13 175
13 49
13 128
13 51
13 52
13 53
13 129
13 130
13 131
13 57
13 58
13 59
13 132
13 133
13 134
13 63
13 135
13 66
13 184
13 70
13 71
13 72
13 185
13 186
13 187
13 76
13 77
13 78
13 188
13 189
13 190
13 80
13 191
13 224
13 248
13 249
13 250
13 251
13 229
13 230
13 231
13 232
13 233
13 234
13 252
13 253
13 254
13 255
13 239
14 97
14 98
14 99
14 100
14 101
14 102
14 103
14 104
14 105
14 106
14 107
14 108
14 109
14 110
14 111
14 18
14 152
14 22
14 23
14 24
14 153
14 154
14 155
14 28
14 29
14 30
14 156
14 157
14 158
14 32
14 159
14 33
14 120
14 35
14 36
14 37
14 121
14 122
14 123
14 41
14 42
14 43
14 124
14 125
14 126
14 47
14 127
14 50
14 176
14 54
14 55
14 56
14 177
14 178
14 179
14 60
14 61
14 62
14 180
14 181
14 182
14 64
14 183
14 66
14 184
14 70
14 71
14 72
14 185
14 186
14 187
14 76
14 77
14 78
14 188
14 189
14 190
14 80
14 191
14 224
14 248
14 249
14 250
14 251
14 229
14 230
14 231
14 232
14 233
14 234
14 252
14 253
14 254
14 255
14 239
15 97
15 98
15 99
15 100
15 101
15 102
15 103
15 104
15 105
15 106
15 107
15 108
15 109
15 110
15 111
15 17
15 112
15 19
15 20
15 21
15 113
15 114
15 115
15 25
15 26
15 27
15 116
15 117
15 118
15 31
15 119
15 34
15 168
15 38
15 39
15 40
15 169
15 170
15 171
15 44
15 45
15 46
15 172
15 173
15 174
15 48
15 175
15 50
15 176
15 54
15 55
15 56
15 177
15 178
15 179
15 60
15 61
15 62
15 180
15 181
15 182
15 64
15 183
15 66
15 184
15 70
15 71
15 72
15 185
15 186
15 187
15 76
15 77
15 78
15 188
15 189
15 190
15 80
15 191
15 224
15 248
15 249
15 250
15 251
15 229
15 230
15 231
15 232
15 233
15 234
15 252
15 253
15 254
15 255
15 239
16 97
16 98
16 99
16 100
16 101
16 102
16 103
16 104
16 105
16 106
16 107
16 108
16 109
16 110
16 111
16 18
16 152
16 22
16 23
16 24
16 153
16 154
16 155
16 28
16 29
16 30
16 156
16 157
16 158
16 32
16 159
16 34
16 168
16 38
16 39
16 40
16 169
16 170
16 171
16 44
16 45
16 46
16 172
16 173
16 174
16 48
16 175
16 50
16 176
16 54
16 55
16 56
16 177
16 178
16 179
16 60
16 61
16 62
16 180
16 181
16 182
16 64
16 183
16 66
16 184
16 70
16 71
16 72
16 185
16 186
16 187
16 76
16 77
16 78
16 188
16 189
16 190
16 80
16 191
16 240
16 225
16 226
16 227
16 228
16 241
16 242
16 243
16 244
16 245
16 246
16 235
16 236
16 237
16 238
16 247
17 192
17 98
17 99
17 100
17 193
17 194
17 195
17 104
17 105
17 106
17 196
17 197
17 198
17 110
17 199
17 200
17 201
17 202
17 203
17 204
17 205
17 206
17 207
17 33
17 120
17 34
17 36
17 37
17 168
17 122
17 123
17 39
17 40
17 43
17 170
17 171
17 126
17 46
17 174
17 49
17 128
17 50
17 52
17 53
17 176
17 130
17 131
17 55
17 56
17 59
17 178
17 179
17 134
17 62
17 182
17 65
17 136
17 66
17 68
17 69
17 184
17 138
17 139
17 71
17 72
17 75
17 186
17 187
17 142
17 78
17 190
17 240
17 224
17 226
17 227
17 228
17 249
17 250
17 251
17 244
17 245
17 246
17 232
17 233
17 234
17 238
17 255
18 192
18 98
18 99
18 100
18 193
18 194
18 195
18 104
18 105
18 106
18 196
18 197
18 198
18 110
18 199
18 208
18 209
18 210
18 211
18 212
18 213
18 214
18 215
18 33
18 120
18 34
18 36
18 37
18 168
18 122
18 123
18 39
18 40
18 43
18 170
18 171
18 126
18 46
18 174
18 49
18 128
18 50
18 52
18 53
18 176
18 130
18 131
18 55
18 56
18 59
18 178
18 179
18 134
18 62
18 182
18 65
18 136
18 66
18 68
18 69
18 184
18 138
18 139
18 71
18 72
18 75
18 186
18 187
18 142
18 78
18 190
18 225
18 248
18 241
18 242
18 243
18 229
18 230
18 231
18 235
18 236
18 237
18 252
18 253
18 254
18 247
18 239
19 192
19 98
19 99
19 100
19 193
19 194
19 195
19 104
19 105
19 106
19 196
19 197
19 198
19 110
19 199
19 200
19 201
19 202
19 203
19 204
19 205
19 206
19 207
19 35
19 121
19 38
19 41
19 42
19 169
19 124
19 125
19 44
19 45
19 47
19 172
19 173
19 127
19 48
19 175
19 49
19 128
19 50
19 52
19 53
19 176
19 130
19 131
19 55
19 56
19 59
19 178
19 179
19 134
19 62
19 182
19 65
19 136
19 66
19 68
19 69
19 184
19 138
19 139
19 71
19 72
19 75
19 186
19 187
19 142
19 78
19 190
19 225
19 248
19 241
19 242
19 243
19 229
19 230
19 231
19 235
19 236
19 237
19 252
19 253
19 254
19 247
19 239
20 192
20 98
20 99
20 100
20 193
20 194
20 195
20 104
20 105
20 106
20 196
20 197
20 198
20 110
20 199
20 200
20 201
20 202
20 203
20 204
20 205
20 206
20 207
20 33
20 120
20 34
20 36
20 37
20 168
20 122
20 123
20 39
20 40
20 43
20 170
20 171
20 126
20 46
20 174
20 51
20 129
20 54
20 57
20 58
20 177
20 132
20 133
20 60
20 61
20 63
20 180
20 181
20 135
20 64
20 183
20 65
20 136
20 66
20 68
20 69
20 184
20 138
20 139
20 71
20 72
20 75
20 186
20 187
20 142
20 78
20 190
20 225
20 248
20 241
20 242
20 243
20 229
20 230
20 231
20 235
20 236
20 237
20 252
20 253
20 254
20 247
20 239
21 192
21 98
21 99
21 100
21 193
21 194
21 195
21 104
21 105
21 106
21 196
21 197
21 198
21 110
21 199
21 200
21 201
21 202
21 203
21 204
21 205
21 206
21 207
21 33
21 120
21 34
21 36
21 37
21 168
21 122
21 123
21 39
21 40
21 43
21 170
21 171
21 126
21 46
21 174
21 49
21 128
21 50
21 52
21 53
21 176
21 130
21 131
21 55
21 56
21 59
21 178
21 179
21 134
21 62
21 182
21 67
21 137
21 70
21 73
21 74
21 185
21 140
21 141
21 76
21 77
21 79
21 188
21 189
21 143
21 80
21 191
21 225
21 248
21 241
21 242
21 243
21 229
21 230
21 231
21 235
21 236
21 237
21 252
21 253
21 254
21 247
21 239
22 192
22 98
22 99
22 100
22 193
22 194
22 195
22 104
22 105
22 106
22 196
22 197
22 198
22 110
22 199
22 208
22 209
22 210
22 211
22 212
22 213
22 214
22 215
22 35
22 121
22 38
22 41
22 42
22 169
22 124
22 125
22 44
22 45
22 47
22 172
22 173
22 127
22 48
22 175
22 49
22 128
22 50
22 52
22 53
22 176
22 130
22 131
22 55
22 56
22 59
22 178
22 179
22 134
22 62
22 182
22 65
22 136
22 66
22 68
22 69
22 184
22 138
22 139
22 71
22 72
22 75
22 186
22 187
22 142
22 78
22 190
22 240
22 224
22 226
22 227
22 228
22 249
22 250
22 251
22 244
22 245
22 246
22 232
22 233
22 234
22 238
22 255
23 192
23 98
23 99
23 100
23 193
23 194
23 195
23 104
23 105
23 106
23 196
23 197
23 198
23 110
23 199
23 208
23 209
23 210
23 211
23 212
23 213
23 214
23 215
23 33
23 120
23 34
23 36
23 37
23 168
23 122
23 123
23 39
23 40
23 43
23 170
23 171
23 126
23 46
23 174
23 51
23 129
23 54
23 57
23 58
23 177
23 132
23 133
23 60
23 61
23 63
23 180
23 181
23 135
23 64
23 183
23 65
23 136
23 66
23 68
23 69
23 184
23 138
23 139
23 71
23 72
23 75
23 186
23 187
23 142
23 78
23 190
23 240
23 224
23 226
23 227
23 228
23 249
23 250
23 251
23 244
23 245
23 246
23 232
23 233
23 234
23 238
23 255
24 192
24 98
24 99
24 100
24 193
24 194
24 195
24 104
24 105
24 106
24 196
24 197
24 198
24 110
24 199
24 208
24 209
24 210
24 211
24 212
24 213
24 214
24 215
24 33
24 120
24 34
24 36
24 37
24 168
24 122
24 123
24 39
24 40
24 43
24 170
24 171
24 126
24 46
24 174
24 49
24 128
24 50
24 52
24 53
24 176
24 130
24 131
24 55
24 56
24 59
24 178
24 179
24 134
24 62
24 182
24 67
24 137
24 70
24 73
24 74
24 185
24 140
24 141
24 76
24 77
24 79
24 188
24 189
24 143
24 80
24 191
24 240
24 224
24 226
24 227
24 228
24 249
24 250
24 251
24 244
24 245
24 246
24 232
24 233
24 234
24 238
24 255
25 192
25 98
25 99
25 100
25 193
25 194
25 195
25 104
25 105
25 106
25 196
25 197
25 198
25 110
25 199
25 200
25 201
25 202
25 203
25 204
25 205
25 206
25 207
25 35
25 121
25 38
25 41
25 42
25 169
25 124
25 125
25 44
25 45
25 47
25 172
25 173
25 127
25 48
25 175
25 51
25 129
25 54
25 57
25 58
25 177
25 132
25 133
25 60
25 61
25 63
25 180
25 181
25 135
25 64
25 183
25 65
25 136
25 66
25 68
25 69
25 184
25 138
25 139
25 71
25 72
25 75
25 186
25 187
25 142
25 78
25 190
25 240
25 224
25 226
25 227
25 228
25 249
25 250
25 251
25 244
25 245
25 246
25 232
25 233
25 234
25 238
25 255
26 192
26 98
26 99
26 100
26 193
26 194
26 195
26 104
26 105
26 106
26 196
26 197
26 198
26 110
26 199
26 200
26 201
26 202
26 203
26 204
26 205
26 206
26 207
26 35
26 121
26 38
26 41
26 42
26 169
26 124
26 125
26 44
26 45
26 47
26 172
26 173
26 127
26 48
26 175
26 49
26 128
26 50
26 52
26 53
26 176
26 130
26 131
26 55
26 56
26 59
26 178
26 179
26 134
26 62
26 182
26 67
26 137
26 70
26 73
26 74
26 185
26 140
26 141
26 76
26 77
26 79
26 188
26 189
26 143
26 80
26 191
26 240
26 224
26 226
26 227
26 228
26 249
26 250
26 251
26 244
26 245
26 246
26 232
26 233
26 234
26 238
26 255
27 192
27 98
27 99
27 100
27 193
27 194
27 195
27 104
27 105
27 106
27 196
27 197
27 198
27 110
27 199
27 200
27 201
27 202
27 203
27 204
27 205
27 206
27 207
27 33
27 120
27 34
27 36
27 37
27 168
27 122
27 123
27 39
27 40
27 43
27 170
27 171
27 126
27 46
27 174
27 51
27 129
27 54
27 57
27 58
27 177
27 132
27 133
27 60
27 61
27 63
27 180
27 181
27 135
27 64
27 183
27 67
27 137
27 70
27 73
27 74
27 185
27 140
27 141
27 76
27 77
27 79
27 188
27 189
27 143
27 80
27 191
27 240
27 224
27 226
27 227
27 228
27 249
27 250
27 251
27 244
27 245
27 246
27 232
27 233
27 234
27 238
27 255
28 192
28 98
28 99
28 100
28 193
28 194
28 195
28 104
28 105
28 106
28 196
28 197
28 198
28 110
28 199
28 208
28 209
28 210
28 211
28 212
28 213
28 214
28 215
28 35
28 121
28 38
28 41
28 42
28 169
28 124
28 125
28 44
28 45
28 47
28 172
28 173
28 127
28 48
28 175
28 51
28 129
28 54
28 57
28 58
28 177
28 132
28 133
28 60
28 61
28 63
28 180
28 181
28 135
28 64
28 183
28 65
28 136
28 66
28 68
28 69
28 184
28 138
28 139
28 71
28 72
28 75
28 186
28 187
28 142
28 78
28 190
28 225
28 248
28 241
28 242
28 243
28 229
28 230
28 231
28 235
28 236
28 237
28 252
28 253
28 254
28 247
28 239
29 192
29 98
29 99
29 100
29 193
29 194
29 195
29 104
29 105
29 106
29 196
29 197
29 198
29 110
29 199
29 208
29 209
29 210
29 211
29 212
29 213
29 214
29 215
29 35
29 121
29 38
29 41
29 42
29 169
29 124
29 125
29 44
29 45
29 47
29 172
29 173
29 127
29 48
29 175
29 49
29 128
29 50
29 52
29 53
29 176
29 130
29 131
29 55
29 56
29 59
29 178
29 179
29 134
29 62
29 182
29 67
29 137
29 70
29 73
29 74
29 185
29 140
29 141
29 76
29 77
29 79
29 188
29 189
29 143
29 80
29 191
29 225
29 248
29 241
29 242
29 243
29 229
29 230
29 231
29 235
29 236
29 237
29 252
29 253
29 254
29 247
29 239
30 192
30 98
30 99
30 100
30 193
30 194
30 195
30 104
30 105
30 106
30 196
30 197
30 198
30 110
30 199
30 208
30 209
30 210
30 211
30 212
30 213
30 214
30 215
30 33
30 120
30 34
30 36
30 37
30 168
30 122
30 123
30 39
30 40
30 43
30 170
30 171
30 126
30 46
30 174
30 51
30 129
30 54
30 57
30 58
30 177
30 132
30 133
30 60
30 61
30 63
30 180
30 181
30 135
30 64
30 183
30 67
30 137
30 70
30 73
30 74
30 185
30 140
30 141
30 76
30 77
30 79
30 188
30 189
30 143
30 80
30 191
30 225
30 248
30 241
30 242
30 243
30 229
30 230
30 231
30 235
30 236
30 237
30 252
30 253
30 254
30 247
30 239
31 192
31 98
31 99
31 100
31 193
31 194
31 195
31 104
31 105
31 106
31 196
31 197
31 198
31 110
31 199
31 200
31 201
31 202
31 203
31 204
31 205
31 206
31 207
31 35
31 121
31 38
31 41
31 42
31 169
31 124
31 125
31 44
31 45
31 47
31 172
31 173
31 127
31 48
31 175
31 51
31 129
31 54
31 57
31 58
31 177
31 132
31 133
31 60
31 61
31 63
31 180
31 181
31 135
31 64
31 183
31 67
31 137
31 70
31 73
31 74
31 185
31 140
31 141
31 76
31 77
31 79
31 188
31 189
31 143
31 80
31 191
31 225
31 248
31 241
31 242
31 243
31 229
31 230
31 231
31 235
31 236
31 237
31 252
31 253
31 254
31 247
31 239
32 192
32 98
32 99
32 100
32 193
32 194
32 195
32 104
32 105
32 106
32 196
32 197
32 198
32 110
32 199
32 208
32 209
32 210
32 211
32 212
32 213
32 214
32 215
32 35
32 121
32 38
32 41
32 42
32 169
32 124
32 125
32 44
32 45
32 47
32 172
32 173
32 127
32 48
32 175
32 51
32 129
32 54
32 57
32 58
32 177
32 132
32 133
32 60
32 61
32 63
32 180
32 181
32 135
32 64
32 183
32 67
32 137
32 70
32 73
32 74
32 185
32 140
32 141
32 76
32 77
32 79
32 188
32 189
32 143
32 80
32 191
32 240
32 224
32 226
32 227
32 228
32 249
32 250
32 251
32 244
32 245
32 246
32 232
32 233
32 234
32 238
32 255
33 192
33 97
33 99
33 100
33 216
33 194
33 195
33 102
33 103
33 106
33 217
33 218
33 198
33 109
33 219
33 200
33 208
33 202
33 203
33 210
33 211
33 206
33 214
33 112
33 152
33 114
33 115
33 154
33 155
33 118
33 158
33 49
33 128
33 50
33 51
33 53
33 176
33 129
33 131
33 54
33 56
33 58
33 177
33 179
33 133
33 61
33 181
33 65
33 136
33 66
33 67
33 69
33 184
33 137
33 139
33 70
33 72
33 74
33 185
33 187
33 141
33 77
33 189
33 240
33 224
33 225
33 227
33 228
33 248
33 250
33 251
33 242
33 243
33 246
33 230
33 231
33 234
33 237
33 254
34 192
34 97
34 99
34 100
34 216
34 194
34 195
34 102
34 103
34 106
34 217
34 218
34 198
34 109
34 219
34 201
34 209
34 204
34 205
34 212
34 213
34 207
34 215
34 112
34 152
34 114
34 115
34 154
34 155
34 118
34 158
34 49
34 128
34 50
34 51
34 53
34 176
34 129
34 131
34 54
34 56
34 58
34 177
34 179
34 133
34 61
34 181
34 65
34 136
34 66
34 67
34 69
34 184
34 137
34 139
34 70
34 72
34 74
34 185
34 187
34 141
34 77
34 189
34 226
34 249
34 241
34 244
34 245
34 229
34 232
34 233
34 235
34 236
34 238
34 252
34 253
34 255
34 247
34 239
35 192
35 97
35 99
35 100
35 216
35 194
35 195
35 102
35 103
35 106
35 217
35 218
35 198
35 109
35 219
35 200
35 208
35 202
35 203
35 210
35 211
35 206
35 214
35 113
35 153
35 116
35 117
35 156
35 157
35 119
35 159
35 49
35 128
35 50
35 51
35 53
35 176
35 129
35 131
35 54
35 56
35 58
35 177
35 179
35 133
35 61
35 181
35 65
35 136
35 66
35 67
35 69
35 184
35 137
35 139
35 70
35 72
35 74
35 185
35 187
35 141
35 77
35 189
35 226
35 249
35 241
35 244
35 245
35 229
35 232
35 233
35 235
35 236
35 238
35 252
35 253
35 255
35 247
35 239
36 192
36 97
36 99
36 100
36 216
36 194
36 195
36 102
36 103
36 106
36 217
36 218
36 198
36 109
36 219
36 200
36 208
36 202
36 203
36 210
36 211
36 206
36 214
36 112
36 152
36 114
36 115
36 154
36 155
36 118
36 158
36 52
36 130
36 55
36 57
36 59
36 178
36 132
36 134
36 60
36 62
36 63
36 180
36 182
36 135
36 64
36 183
36 65
36 136
36 66
36 67
36 69
36 184
36 137
36 139
36 70
36 72
36 74
36 185
36 187
36 141
36 77
36 189
36 226
36 249
36 241
36 244
36 245
36 229
36 232
36 233
36 235
36 236
36 238
36 252
36 253
36 255
36 247
36 239
37 192
37 97
37 99
37 100
37 216
37 194
37 195
37 102
37 103
37 106
37 217
37 218
37 198
37 109
37 219
37 200
37 208
37 202
37 203
37 210
37 211
37 206
37 214
37 112
37 152
37 114
37 115
37 154
37 155
37 118
37 158
37 49
37 128
37 50
37 51
37 53
37 176
37 129
37 131
37 54
37 56
37 58
37 177
37 179
37 133
37 61
37 181
37 68
37 138
37 71
37 73
37 75
37 186
37 140
37 142
37 76
37 78
37 79
37 188
37 190
37 143
37 80
37 191
37 226
37 249
37 241
37 244
37 245
37 229
37 232
37 233
37 235
37 236
37 238
37 252
37 253
37 255
37 247
37 239
38 192
38 97
38 99
38 100
38 216
38 194
38 195
38 102
38 103
38 106
38 217
38 218
38 198
38 109
38 219
38 201
38 209
38 204
38 205
38 212
38 213
38 207
38 215
38 113
38 153
38 116
38 117
38 156
38 157
38 119
38 159
38 49
38 128
38 50
38 51
38 53
38 176
38 129
38 131
38 54
38 56
38 58
38 177
38 179
38 133
38 61
38 181
38 65
38 136
38 66
38 67
38 69
38 184
38 137
38 139
38 70
38 72
38 74
38 185
38 187
38 141
38 77
38 189
38 240
38 224
38 225
38 227
38 228
38 248
38 250
38 251
38 242
38 243
38 246
38 230
38 231
38 234
38 237
38 254
39 192
39 97
39 99
39 100
39 216
39 194
39 195
39 102
39 103
39 106
39 217
39 218
39 198
39 109
39 219
39 201
39 209
39 204
39 205
39 212
39 213
39 207
39 215
39 112
39 152
39 114
39 115
39 154
39 155
39 118
39 158
39 52
39 130
39 55
39 57
39 59
39 178
39 132
39 134
39 60
39 62
39 63
39 180
39 182
39 135
39 64
39 183
39 65
39 136
39 66
39 67
39 69
39 184
39 137
39 139
39 70
39 72
39 74
39 185
39 187
39 141
39 77
39 189
39 240
39 224
39 225
39 227
39 228
39 248
39 250
39 251
39 242
39 243
39 246
39 230
39 231
39 234
39 237
39 254
40 192
40 97
40 99
40 100
40 216
40 194
40 195
40 102
40 103
40 106
40 217
40 218
40 198
40 109
40 219
40 201
40 209
40 204
40 205
40 212
40 213
40 207
40 215
40 112
40 152
40 114
40 115
40 154
40 155
40 118
40 158
40 49
40 128
40 50
40 51
40 53
40 176
40 129
40 131
40 54
40 56
40 58
40 177
40 179
40 133
40 61
40 181
40 68
40 138
40 71
40 73
40 75
40 186
40 140
40 142
40 76
40 78
40 79
40 188
40 190
40 143
40 80
40 191
40 240
40 224
40 225
40 227
40 228
40 248
40 250
40 251
40 242
40 243
40 246
40 230
40 231
40 234
40 237
40 254
41 192
41 97
41 99
41 100
41 216
41 194
41 195
41 102
41 103
41 106
41 217
41 218
41 198
41 109
41 219
41 200
41 208
41 202
41 203
41 210
41 211
41 206
41 214
41 113
41 153
41 116
41 117
41 156
41 157
41 119
41 159
41 52
41 130
41 55
41 57
41 59
41 178
41 132
41 134
41 60
41 62
41 63
41 180
41 182
41 135
41 64
41 183
41 65
41 136
41 66
41 67
41 69
41 184
41 137
41 139
41 70
41 72
41 74
41 185
41 187
41 141
41 77
41 189
41 240
41 224
41 225
41 227
41 228
41 248
41 250
41 251
41 242
41 243
41 246
41 230
41 231
41 234
41 237
41 254
42 192
42 97
42 99
42 100
42 216
42 194
42 195
42 102
42 103
42 106
42 217
42 218
42 198
42 109
42 219
42 200
42 208
42 202
42 203
42 210
42 211
42 206
42 214
42 113
42 153
42 116
42 117
42 156
42 157
42 119
42 159
42 49
42 128
42 50
42 51
42 53
42 176
42 129
42 131
42 54
42 56
42 58
42 177
42 179
42 133
42 61
42 181
42 68
42 138
42 71
42 73
42 75
42 186
42 140
42 142
42 76
42 78
42 79
42 188
42 190
42 143
42 80
42 191
42 240
42 224
42 225
42 227
42 228
42 248
42 250
42 251
42 242
42 243
42 246
42 230
42 231
42 234
42 237
42 254
43 192
43 97
43 99
43 100
43 216
43 194
43 195
43 102
43 103
43 106
43 217
43 218
43 198
43 109
43 219
43 200
43 208
43 202
43 203
43 210
43 211
43 206
43 214
43 112
43 152
43 114
43 115
43 154
43 155
43 118
43 158
43 52
43 130
43 55
43 57
43 59
43 178
43 132
43 134
43 60
43 62
43 63
43 180
43 182
43 135
43 64
43 183
43 68
43 138
43 71
43 73
43 75
43 186
43 140
43 142
43 76
43 78
43 79
43 188
43 190
43 143
43 80
43 191
43 240
43 224
43 225
43 227
43 228
43 248
43 250
43 251
43 242
43 243
43 246
43 230
43 231
43 234
43 237
43 254
44 192
44 97
44 99
44 100
44 216
44 194
44 195
44 102
44 103
44 106
44 217
44 218
44 198
44 109
44 219
44 201
44 209
44 204
44 205
44 212
44 213
44 207
44 215
44 113
44 153
44 116
44 117
44 156
44 157
44 119
44 159
44 52
44 130
44 55
44 57
44 59
44 178
44 132
44 134
44 60
44 62
44 63
44 180
44 182
44 135
44 64
44 183
44 65
44 136
44 66
44 67
44 69
44 184
44 137
44 139
44 70
44 72
44 74
44 185
44 187
44 141
44 77
44 189
44 226
44 249
44 241
44 244
44 245
44 229
44 232
44 233
44 235
44 236
44 238
44 252
44 253
44 255
44 247
44 239
45 192
45 97
45 99
45 100
45 216
45 194
45 195
45 102
45 103
45 106
45 217
45 218
45 198
45 109
45 219
45 201
45 209
45 204
45 205
45 212
45 213
45 207
45 215
45 113
45 153
45 116
45 117
45 156
45 157
45 119
45 159
45 49
45 128
45 50
45 51
45 53
45 176
45 129
45 131
45 54
45 56
45 58
45 177
45 179
45 133
45 61
45 181
45 68
45 138
45 71
45 73
45 75
45 186
45 140
45 142
45 76
45 78
45 79
45 188
45 190
45 143
45 80
45 191
45 226
45 249
45 241
45 244
45 245
45 229
45 232
45 233
45 235
45 236
45 238
45 252
45 253
45 255
45 247
45 239
46 192
46 97
46 99
46 100
46 216
46 194
46 195
46 102
46 103
46 106
46 217
46 218
46 198
46 109
46 219
46 201
46 209
46 204
46 205
46 212
46 213
46 207
46 215
46 112
46 152
46 114
46 115
46 154
46 155
46 118
46 158
46 52
46 130
46 55
46 57
46 59
46 178
46 132
46 134
46 60
46 62
46 63
46 180
46 182
46 135
46 64
46 183
46 68
46 138
46 71
46 73
46 75
46 186
46 140
46 142
46 76
46 78
46 79
46 188
46 190
46 143
46 80
46 191
46 226
46 249
46 241
46 244
46 245
46 229
46 232
46 233
46 235
46 236
46 238
46 252
46 253
46 255
46 247
46 239
47 192
47 97
47 99
47 100
47 216
47 194
47 195
47 102
47 103
47 106
47 217
47 218
47 198
47 109
47 219
47 200
47 208
47 202
47 203
47 210
47 211
47 206
47 214
47 113
47 153
47 116
47 117
47 156
47 157
47 119
47 159
47 52
47 130
47 55
47 57
47 59
47 178
47 132
47 134
47 60
47 62
47 63
47 180
47 182
47 135
47 64
47 183
47 68
47 138
47 71
47 73
47 75
47 186
47 140
47 142
47 76
47 78
47 79
47 188
47 190
47 143
47 80
47 191
47 226
47 249
47 241
47 244
47 245
47 229
47 232
47 233
47 235
47 236
47 238
47 252
47 253
47 255
47 247
47 239
48 192
48 97
48 99
48 100
48 216
48 194
48 195
48 102
48 103
48 106
48 217
48 218
48 198
48 109
48 219
48 201
48 209
48 204
48 205
48 212
48 213
48 207
48 215
48 113
48 153
48 116
48 117
48 156
48 157
48 119
48 159
48 52
48 130
48 55
48 57
48 59
48 178
48 132
48 134
48 60
48 62
48 63
48 180
48 182
48 135
48 64
48 183
48 68
48 138
48 71
48 73
48 75
48 186
48 140
48 142
48 76
48 78
48 79
48 188
48 190
48 143
48 80
48 191
48 240
48 224
48 225
48 227
48 228
48 248
48 250
48 251
48 242
48 243
48 246
48 230
48 231
48 234
48 237
48 254
49 192
49 97
49 98
49 100
49 216
49 193
49 195
49 101
49 103
49 105
49 220
49 218
49 197
49 108
49 221
49 200
49 208
49 201
49 203
49 209
49 211
49 205
49 213
49 112
49 152
49 113
49 115
49 153
49 155
49 117
49 157
49 120
49 168
49 121
49 123
49 169
49 171
49 125
49 173
49 65
49 136
49 66
49 67
49 68
49 184
49 137
49 138
49 70
49 71
49 73
49 185
49 186
49 140
49 76
49 188
49 240
49 224
49 225
49 226
49 228
49 248
49 249
49 251
49 241
49 243
49 245
49 229
49 231
49 233
49 236
49 253
50 192
50 97
50 98
50 100
50 216
50 193
50 195
50 101
50 103
50 105
50 220
50 218
50 197
50 108
50 221
50 202
50 210
50 204
50 206
50 212
50 214
50 207
50 215
50 112
50 152
50 113
50 115
50 153
50 155
50 117
50 157
50 120
50 168
50 121
50 123
50 169
50 171
50 125
50 173
50 65
50 136
50 66
50 67
50 68
50 184
50 137
50 138
50 70
50 71
50 73
50 185
50 186
50 140
50 76
50 188
50 227
50 250
50 242
50 244
50 246
50 230
50 232
50 234
50 235
50 237
50 238
50 252
50 254
50 255
50 247
50 239
51 192
51 97
51 98
51 100
51 216
51 193
51 195
51 101
51 103
51 105
51 220
51 218
51 197
51 108
51 221
51 200
51 208
51 201
51 203
51 209
51 211
51 205
51 213
51 114
51 154
51 116
51 118
51 156
51 158
51 119
51 159
51 120
51 168
51 121
51 123
51 169
51 171
51 125
51 173
51 65
51 136
51 66
51 67
51 68
51 184
51 137
51 138
51 70
51 71
51 73
51 185
51 186
51 140
51 76
51 188
51 227
51 250
51 242
51 244
51 246
51 230
51 232
51 234
51 235
51 237
51 238
51 252
51 254
51 255
51 247
51 239
52 192
52 97
52 98
52 100
52 216
52 193
52 195
52 101
52 103
52 105
52 220
52 218
52 197
52 108
52 221
52 200
52 208
52 201
52 203
52 209
52 211
52 205
52 213
52 112
52 152
52 113
52 115
52 153
52 155
52 117
52 157
52 122
52 170
52 124
52 126
52 172
52 174
52 127
52 175
52 65
52 136
52 66
52 67
52 68
52 184
52 137
52 138
52 70
52 71
52 73
52 185
52 186
52 140
52 76
52 188
52 227
52 250
52 242
52 244
52 246
52 230
52 232
52 234
52 235
52 237
52 238
52 252
52 254
52 255
52 247
52 239
53 192
53 97
53 98
53 100
53 216
53 193
53 195
53 101
53 103
53 105
53 220
53 218
53 197
53 108
53 221
53 200
53 208
53 201
53 203
53 209
53 211
53 205
53 213
53 112
53 152
53 113
53 115
53 153
53 155
53 117
53 157
53 120
53 168
53 121
53 123
53 169
53 171
53 125
53 173
53 69
53 139
53 72
53 74
53 75
53 187
53 141
53 142
53 77
53 78
53 79
53 189
53 190
53 143
53 80
53 191
53 227
53 250
53 242
53 244
53 246
53 230
53 232
53 234
53 235
53 237
53 238
53 252
53 254
53 255
53 247
53 239
54 192
54 97
54 98
54 100
54 216
54 193
54 195
54 101
54 103
54 105
54 220
54 218
54 197
54 108
54 221
54 202
54 210
54 204
54 206
54 212
54 214
54 207
54 215
54 114
54 154
54 116
54 118
54 156
54 158
54 119
54 159
54 120
54 168
54 121
54 123
54 169
54 171
54 125
54 173
54 65
54 136
54 66
54 67
54 68
54 184
54 137
54 138
54 70
54 71
54 73
54 185
54 186
54 140
54 76
54 188
54 240
54 224
54 225
54 226
54 228
54 248
54 249
54 251
54 241
54 243
54 245
54 229
54 231
54 233
54 236
54 253
55 192
55 97
55 98
55 100
55 216
55 193
55 195
55 101
55 103
55 105
55 220
55 218
55 197
55 108
55 221
55 202
55 210
55 204
55 206
55 212
55 214
55 207
55 215
55 112
55 152
55 113
55 115
55 153
55 155
55 117
55 157
55 122
55 170
55 124
55 126
55 172
55 174
55 127
55 175
55 65
55 136
55 66
55 67
55 68
55 184
55 137
55 138
55 70
55 71
55 73
55 185
55 186
55 140
55 76
55 188
55 240
55 224
55 225
55 226
55 228
55 248
55 249
55 251
55 241
55 243
55 245
55 229
55 231
55 233
55 236
55 253
56 192
56 97
56 98
56 100
56 216
56 193
56 195
56 101
56 103
56 105
56 220
56 218
56 197
56 108
56 221
56 202
56 210
56 204
56 206
56 212
56 214
56 207
56 215
56 112
56 152
56 113
56 115
56 153
56 155
56 117
56 157
56 120
56 168
56 121
56 123
56 169
56 171
56 125
56 173
56 69
56 139
56 72
56 74
56 75
56 187
56 141
56 142
56 77
56 78
56 79
56 189
56 190
56 143
56 80
56 191
56 240
56 224
56 225
56 226
56 228
56 248
56 249
56 251
56 241
56 243
56 245
56 229
56 231
56 233
56 236
56 253
57 192
57 97
57 98
57 100
57 216
57 193
57 195
57 101
57 103
57 105
57 220
57 218
57 197
57 108
57 221
57 200
57 208
57 201
57 203
57 209
57 211
57 205
57 213
57 114
57 154
57 116
57 118
57 156
57 158
57 119
57 159
57 122
57 170
57 124
57 126
57 172
57 174
57 127
57 175
57 65
57 136
57 66
57 67
57 68
57 184
57 137
57 138
57 70
57 71
57 73
57 185
57 186
57 140
57 76
57 188
57 240
57 224
57 225
57 226
57 228
57 248
57 249
57 251
57 241
57 243
57 245
57 229
57 231
57 233
57 236
57 253
58 192
58 97
58 98
58 100
58 216
58 193
58 195
58 101
58 103
58 105
58 220
58 218
58 197
58 108
58 221
58 200
58 208
58 201
58 203
58 209
58 211
58 205
58 213
58 114
58 154
58 116
58 118
58 156
58 158
58 119
58 159
58 120
58 168
58 121
58 123
58 169
58 171
58 125
58 173
58 69
58 139
58 72
58 74
58 75
58 187
58 141
58 142
58 77
58 78
58 79
58 189
58 190
58 143
58 80
58 191
58 240
58 224
58 225
58 226
58 228
58 248
58 249
58 251
58 241
58 243
58 245
58 229
58 231
58 233
58 236
58 253
59 192
59 97
59 98
59 100
59 216
59 193
59 195
59 101
59 103
59 105
59 220
59 218
59 197
59 108
59 221
59 200
59 208
59 201
59 203
59 209
59 211
59 205
59 213
59 112
59 152
59 113
59 115
59 153
59 155
59 117
59 157
59 122
59 170
59 124
59 126
59 172
59 174
59 127
59 175
59 69
59 139
59 72
59 74
59 75
59 187
59 141
59 142
59 77
59 78
59 79
59 189
59 190
59 143
59 80
59 191
59 240
59 224
59 225
59 226
59 228
59 248
59 249
59 251
59 241
59 243
59 245
59 229
59 231
59 233
59 236
59 253
60 192
60 97
60 98
60 100
60 216
60 193
60 195
60 101
60 103
60 105
60 220
60 218
60 197
60 108
60 221
60 202
60 210
60 204
60 206
60 212
60 214
60 207
60 215
60 114
60 154
60 116
60 118
60 156
60 158
60 119
60 159
60 122
60 170
60 124
60 126
60 172
60 174
60 127
60 175
60 65
60 136
60 66
60 67
60 68
60 184
60 137
60 138
60 70
60 71
60 73
60 185
60 186
60 140
60 76
60 188
60 227
60 250
60 242
60 244
60 246
60 230
60 232
60 234
60 235
60 237
60 238
60 252
60 254
60 255
60 247
60 239
61 192
61 97
61 98
61 100
61 216
61 193
61 195
61 101
61 103
61 105
61 220
61 218
61 197
61 108
61 221
61 202
61 210
61 204
61 206
61 212
61 214
61 207
61 215
61 114
61 154
61 116
61 118
61 156
61 158
61 119
61 159
61 120
61 168
61 121
61 123
61 169
61 171
61 125
61 173
61 69
61 139
61 72
61 74
61 75
61 187
61 141
61 142
61 77
61 78
61 79
61 189
61 190
61 143
61 80
61 191
61 227
61 250
61 242
61 244
61 246
61 230
61 232
61 234
61 235
61 237
61 238
61 252
61 254
61 255
61 247
61 239
62 192
62 97
62 98
62 100
62 216
62 193
62 195
62 101
62 103
62 105
62 220
62 218
62 197
62 108
62 221
62 202
62 210
62 204
62 206
62 212
62 214
62 207
62 215
62 112
62 152
62 113
62 115
62 153
62 155
62 117
62 157
62 122
62 170
62 124
62 126
62 172
62 174
62 127
62 175
62 69
62 139
62 72
62 74
62 75
62 187
62 141
62 142
62 77
62 78
62 79
62 189
62 190
62 143
62 80
62 191
62 227
62 250
62 242
62 244
62 246
62 230
62 232
62 234
62 235
62 237
62 238
62 252
62 254
62 255
62 247
62 239
63 192
63 97
63 98
63 100
63 216
63 193
63 195
63 101
63 103
63 105
63 220
63 218
63 197
63 108
63 221
63 200
63 208
63 201
63 203
63 209
63 211
63 205
63 213
63 114
63 154
63 116
63 118
63 156
63 158
63 119
63 159
63 122
63 170
63 124
63 126
63 172
63 174
63 127
63 175
63 69
63 139
63 72
63 74
63 75
63 187
63 141
63 142
63 77
63 78
63 79
63 189
63 190
63 143
63 80
63 191
63 227
63 250
63 242
63 244
63 246
63 230
63 232
63 234
63 235
63 237
63 238
63 252
63 254
63 255
63 247
63 239
64 192
64 97
64 98
64 100
64 216
64 193
64 195
64 101
64 103
64 105
64 220
64 218
64 197
64 108
64 221
64 202
64 210
64 204
64 206
64 212
64 214
64 207
64 215
64 114
64 154
64 116
64 118
64 156
64 158
64 119
64 159
64 122
64 170
64 124
64 126
64 172
64 174
64 127
64 175
64 69
64 139
64 72
64 74
64 75
64 187
64 141
64 142
64 77
64 78
64 79
64 189
64 190
64 143
64 80
64 191
64 240
64 224
64 225
64 226
64 228
64 248
64 249
64 251
64 241
64 243
64 245
64 229
64 231
64 233
64 236
64 253
65 192
65 97
65 98
65 99
65 216
65 193
65 194
65 101
65 102
65 104
65 220
65 217
65 196
65 107
65 222
65 200
65 208
65 201
65 202
65 209
65 210
65 204
65 212
65 112
65 152
65 113
65 114
65 153
65 154
65 116
65 156
65 120
65 168
65 121
65 122
65 169
65 170
65 124
65 172
65 128
65 176
65 129
65 130
65 177
65 178
65 132
65 180
65 240
65 224
65 225
65 226
65 227
65 248
65 249
65 250
65 241
65 242
65 244
65 229
65 230
65 232
65 235
65 252
66 192
66 97
66 98
66 99
66 216
66 193
66 194
66 101
66 102
66 104
66 220
66 217
66 196
66 107
66 222
66 203
66 211
66 205
66 206
66 213
66 214
66 207
66 215
66 112
66 152
66 113
66 114
66 153
66 154
66 116
66 156
66 120
66 168
66 121
66 122
66 169
66 170
66 124
66 172
66 128
66 176
66 129
66 130
66 177
66 178
66 132
66 180
66 228
66 251
66 243
66 245
66 246
66 231
66 233
66 234
66 236
66 237
66 238
66 253
66 254
66 255
66 247
66 239
67 192
67 97
67 98
67 99
67 216
67 193
67 194
67 101
67 102
67 104
67 220
67 217
67 196
67 107
67 222
67 200
67 208
67 201
67 202
67 209
67 210
67 204
67 212
67 115
67 155
67 117
67 118
67 157
67 158
67 119
67 159
67 120
67 168
67 121
67 122
67 169
67 170
67 124
67 172
67 128
67 176
67 129
67 130
67 177
67 178
67 132
67 180
67 228
67 251
67 243
67 245
67 246
67 231
67 233
67 234
67 236
67 237
67 238
67 253
67 254
67 255
67 247
67 239
68 192
68 97
68 98
68 99
68 216
68 193
68 194
68 101
68 102
68 104
68 220
68 217
68 196
68 107
68 222
68 200
68 208
68 201
68 202
68 209
68 210
68 204
68 212
68 112
68 152
68 113
68 114
68 153
68 154
68 116
68 156
68 123
68 171
68 125
68 126
68 173
68 174
68 127
68 175
68 128
68 176
68 129
68 130
68 177
68 178
68 132
68 180
68 228
68 251
68 243
68 245
68 246
68 231
68 233
68 234
68 236
68 237
68 238
68 253
68 254
68 255
68 247
68 239
69 192
69 97
69 98
69 99
69 216
69 193
69 194
69 101
69 102
69 104
69 220
69 217
69 196
69 107
69 222
69 200
69 208
69 201
69 202
69 209
69 210
69 204
69 212
69 112
69 152
69 113
69 114
69 153
69 154
69 116
69 156
69 120
69 168
69 121
69 122
69 169
69 170
69 124
69 172
69 131
69 179
69 133
69 134
69 181
69 182
69 135
69 183
69 228
69 251
69 243
69 245
69 246
69 231
69 233
69 234
69 236
69 237
69 238
69 253
69 254
69 255
69 247
69 239
70 192
70 97
70 98
70 99
70 216
70 193
70 194
70 101
70 102
70 104
70 220
70 217
70 196
70 107
70 222
70 203
70 211
70 205
70 206
70 213
70 214
70 207
70 215
70 115
70 155
70 117
70 118
70 157
70 158
70 119
70 159
70 120
70 168
70 121
70 122
70 169
70 170
70 124
70 172
70 128
70 176
70 129
70 130
70 177
70 178
70 132
70 180
70 240
70 224
70 225
70 226
70 227
70 248
70 249
70 250
70 241
70 242
70 244
70 229
70 230
70 232
70 235
70 252
71 192
71 97
71 98
71 99
71 216
71 193
71 194
71 101
71 102
71 104
71 220
71 217
71 196
71 107
71 222
71 203
71 211
71 205
71 206
71 213
71 214
71 207
71 215
71 112
71 152
71 113
71 114
71 153
71 154
71 116
71 156
71 123
71 171
71 125
71 126
71 173
71 174
71 127
71 175
71 128
71 176
71 129
71 130
71 177
71 178
71 132
71 180
71 240
71 224
71 225
71 226
71 227
71 248
71 249
71 250
71 241
71 242
71 244
71 229
71 230
71 232
71 235
71 252
72 192
72 97
72 98
72 99
72 216
72 193
72 194
72 101
72 102
72 104
72 220
72 217
72 196
72 107
72 222
72 203
72 211
72 205
72 206
72 213
72 214
72 207
72 215
72 112
72 152
72 113
72 114
72 153
72 154
72 116
72 156
72 120
72 168
72 121
72 122
72 169
72 170
72 124
72 172
72 131
72 179
72 133
72 134
72 181
72 182
72 135
72 183
72 240
72 224
72 225
72 226
72 227
72 248
72 249
72 250
72 241
72 242
72 244
72 229
72 230
72 232
72 235
72 252
73 192
73 97
73 98
73 99
73 216
73 193
73 194
73 101
73 102
73 104
73 220
73 217
73 196
73 107
73 222
73 200
73 208
73 201
73 202
73 209
73 210
73 204
73 212
73 115
73 155
73 117
73 118
73 157
73 158
73 119
73 159
73 123
73 171
73 125
73 126
73 173
73 174
73 127
73 175
73 128
73 176
73 129
73 130
73 177
73 178
73 132
73 180
73 240
73 224
73 225
73 226
73 227
73 248
73 249
73 250
73 241
73 242
73 244
73 229
73 230
73 232
73 235
73 252
74 192
74 97
74 98
74 99
74 216
74 193
74 194
74 101
74 102
74 104
74 220
74 217
74 196
74 107
74 222
74 200
74 208
74 201
74 202
74 209
74 210
74 204
74 212
74 115
74 155
74 117
74 118
74 157
74 158
74 119
74 159
74 120
74 168
74 121
74 122
74 169
74 170
74 124
74 172
74 131
74 179
74 133
74 134
74 181
74 182
74 135
74 183
74 240
74 224
74 225
74 226
74 227
74 248
74 249
74 250
74 241
74 242
74 244
74 229
74 230
74 232
74 235
74 252
75 192
75 97
75 98
75 99
75 216
75 193
75 194
75 101
75 102
75 104
75 220
75 217
75 196
75 107
75 222
75 200
75 208
75 201
75 202
75 209
75 210
75 204
75 212
75 112
75 152
75 113
75 114
75 153
75 154
75 116
75 156
75 123
75 171
75 125
75 126
75 173
75 174
75 127
75 175
75 131
75 179
75 133
75 134
75 181
75 182
75 135
75 183
75 240
75 224
75 225
75 226
75 227
75 248
75 249
75 250
75 241
75 242
75 244
75 229
75 230
75 232
75 235
75 252
76 192
76 97
76 98
76 99
76 216
76 193
76 194
76 101
76 102
76 104
76 220
76 217
76 196
76 107
76 222
76 203
76 211
76 205
76 206
76 213
76 214
76 207
76 215
76 115
76 155
76 117
76 118
76 157
76 158
76 119
76 159
76 123
76 171
76 125
76 126
76 173
76 174
76 127
76 175
76 128
76 176
76 129
76 130
76 177
76 178
76 132
76 180
76 228
76 251
76 243
76 245
76 246
76 231
76 233
76 234
76 236
76 237
76 238
76 253
76 254
76 255
76 247
76 239
77 192
77 97
77 98
77 99
77 216
77 193
77 194
77 101
77 102
77 104
77 220
77 217
77 196
77 107
77 222
77 203
77 211
77 205
77 206
77 213
77 214
77 207
77 215
77 115
77 155
77 117
77 118
77 157
77 158
77 119
77 159
77 120
77 168
77 121
77 122
77 169
77 170
77 124
77 172
77 131
77 179
77 133
77 134
77 181
77 182
77 135
77 183
77 228
77 251
77 243
77 245
77 246
77 231
77 233
77 234
77 236
77 237
77 238
77 253
77 254
77 255
77 247
77 239
78 192
78 97
78 98
78 99
78 216
78 193
78 194
78 101
78 102
78 104
78 220
78 217
78 196
78 107
78 222
78 203
78 211
78 205
78 206
78 213
78 214
78 207
78 215
78 112
78 152
78 113
78 114
78 153
78 154
78 116
78 156
78 123
78 171
78 125
78 126
78 173
78 174
78 127
78 175
78 131
78 179
78 133
78 134
78 181
78 182
78 135
78 183
78 228
78 251
78 243
78 245
78 246
78 231
78 233
78 234
78 236
78 237
78 238
78 253
78 254
78 255
78 247
78 239
79 192
79 97
79 98
79 99
79 216
79 193
79 194
79 101
79 102
79 104
79 220
79 217
79 196
79 107
79 222
79 200
79 208
79 201
79 202
79 209
79 210
79 204
79 212
79 115
79 155
79 117
79 118
79 157
79 158
79 119
79 159
79 123
79 171
79 125
79 126
79 173
79 174
79 127
79 175
79 131
79 179
79 133
79 134
79 181
79 182
79 135
79 183
79 228
79 251
79 243
79 245
79 246
79 231
79 233
79 234
79 236
79 237
79 238
79 253
79 254
79 255
79 247
79 239
80 192
80 97
80 98
80 99
80 216
80 193
80 194
80 101
80 102
80 104
80 220
80 217
80 196
80 107
80 222
80 203
80 211
80 205
80 206
80 213
80 214
80 207
80 215
80 115
80 155
80 117
80 118
80 157
80 158
80 119
80 159
80 123
80 171
80 125
80 126
80 173
80 174
80 127
80 175
80 131
80 179
80 133
80 134
80 181
80 182
80 135
80 183
80 240
80 224
80 225
80 226
80 227
80 248
80 249
80 250
80 241
80 242
80 244
80 229
80 230
80 232
80 235
80 252
224 216
224 193
224 194
224 195
224 101
224 102
224 103
224 104
224 105
224 106
224 222
224 221
224 219
224 199
224 111
224 200
224 209
224 210
224 211
224 204
224 205
224 206
224 215
224 152
224 113
224 114
224 115
224 156
224 157
224 158
224 119
224 168
224 121
224 122
224 123
224 172
224 173
224 174
224 127
224 176
224 129
224 130
224 131
224 180
224 181
224 182
224 135
224 184
224 137
224 138
224 139
224 188
224 189
224 190
224 143
225 216
225 193
225 194
225 195
225 101
225 102
225 103
225 104
225 105
225 106
225 222
225 221
225 219
225 199
225 111
225 208
225 201
225 202
225 203
225 212
225 213
225 214
225 207
225 112
225 153
225 154
225 155
225 116
225 117
225 118
225 159
225 168
225 121
225 122
225 123
225 172
225 173
225 174
225 127
225 176
225 129
225 130
225 131
225 180
225 181
225 182
225 135
225 184
225 137
225 138
225 139
225 188
225 189
225 190
225 143
226 216
226 193
226 194
226 195
226 101
226 102
226 103
226 104
226 105
226 106
226 222
226 221
226 219
226 199
226 111
226 208
226 201
226 202
226 203
226 212
226 213
226 214
226 207
226 152
226 113
226 114
226 115
226 156
226 157
226 158
226 119
226 120
226 169
226 170
226 171
226 124
226 125
226 126
226 175
226 176
226 129
226 130
226 131
226 180
226 181
226 182
226 135
226 184
226 137
226 138
226 139
226 188
226 189
226 190
226 143
227 216
227 193
227 194
227 195
227 101
227 102
227 103
227 104
227 105
227 106
227 222
227 221
227 219
227 199
227 111
227 208
227 201
227 202
227 203
227 212
227 213
227 214
227 207
227 152
227 113
227 114
227 115
227 156
227 157
227 158
227 119
227 168
227 121
227 122
227 123
227 172
227 173
227 174
227 127
227 128
227 177
227 178
227 179
227 132
227 133
227 134
227 183
227 184
227 137
227 138
227 139
227 188
227 189
227 190
227 143
228 216
228 193
228 194
228 195
228 101
228 102
228 103
228 104
228 105
228 106
228 222
228 221
228 219
228 199
228 111
228 208
228 201
228 202
228 203
228 212
228 213
228 214
228 207
228 152
228 113
228 114
228 115
228 156
228 157
228 158
228 119
228 168
228 121
228 122
228 123
228 172
228 173
228 174
228 127
228 176
228 129
228 130
228 131
228 180
228 181
228 182
228 135
228 136
228 185
228 186
228 187
228 140
228 141
228 142
228 191
229 216
229 193
229 194
229 195
229 101
229 102
229 103
229 104
229 105
229 106
229 222
229 221
229 219
229 199
229 111
229 200
229 209
229 210
229 211
229 204
229 205
229 206
229 215
229 112
229 153
229 154
229 155
229 116
229 117
229 118
229 159
229 120
229 169
229 170
229 171
229 124
229 125
229 126
229 175
229 176
229 129
229 130
229 131
229 180
229 181
229 182
229 135
229 184
229 137
229 138
229 139
229 188
229 189
229 190
229 143
230 216
230 193
230 194
230 195
230 101
230 102
230 103
230 104
230 105
230 106
230 222
230 221
230 219
230 199
230 111
230 200
230 209
230 210
230 211
230 204
230 205
230 206
230 215
230 112
230 153
230 154
230 155
230 116
230 117
230 118
230 159
230 168
230 121
230 122
230 123
230 172
230 173
230 174
230 127
230 128
230 177
230 178
230 179
230 132
230 133
230 134
230 183
230 184
230 137
230 138
230 139
230 188
230 189
230 190
230 143
231 216
231 193
231 194
231 195
231 101
231 102
231 103
231 104
231 105
231 106
231 222
231 221
231 219
231 199
231 111
231 200
231 209
231 210
231 211
231 204
231 205
231 206
231 215
231 112
231 153
231 154
231 155
231 116
231 117
231 118
231 159
231 168
231 121
231 122
231 123
231 172
231 173
231 174
231 127
231 176
231 129
231 130
231 131
231 180
231 181
231 182
231 135
231 136
231 185
231 186
231 187
231 140
231 141
231 142
231 191
232 216
232 193
232 194
232 195
232 101
232 102
232 103
232 104
232 105
232 106
232 222
232 221
232 219
232 199
232 111
232 200
232 209
232 210
232 211
232 204
232 205
232 206
232 215
232 152
232 113
232 114
232 115
232 156
232 157
232 158
232 119
232 120
232 169
232 170
232 171
232 124
232 125
232 126
232 175
232 128
232 177
232 178
232 179
232 132
232 133
232 134
232 183
232 184
232 137
232 138
232 139
232 188
232 189
232 190
232 143
233 216
233 193
233 194
233 195
233 101
233 102
233 103
233 104
233 105
233 106
233 222
233 221
233 219
233 199
233 111
233 200
233 209
233 210
233 211
233 204
233 205
233 206
233 215
233 152
233 113
233 114
233 115
233 156
233 157
233 158
233 119
233 120
233 169
233 170
233 171
233 124
233 125
233 126
233 175
233 176
233 129
233 130
233 131
233 180
233 181
233 182
233 135
233 136
233 185
233 186
233 187
233 140
233 141
233 142
233 191
234 216
234 193
234 194
234 195
234 101
234 102
234 103
234 104
234 105
234 106
234 222
234 221
234 219
234 199
234 111
234 200
234 209
234 210
234 211
234 204
234 205
234 206
234 215
234 152
234 113
234 114
234 115
234 156
234 157
234 158
234 119
234 168
234 121
234 122
234 123
234 172
234 173
234 174
234 127
234 128
234 177
234 178
234 179
234 132
234 133
234 134
234 183
234 136
234 185
234 186
234 187
234 140
234 141
234 142
234 191
235 216
235 193
235 194
235 195
235 101
235 102
235 103
235 104
235 105
235 106
235 222
235 221
235 219
235 199
235 111
235 208
235 201
235 202
235 203
235 212
235 213
235 214
235 207
235 112
235 153
235 154
235 155
235 116
235 117
235 118
235 159
235 120
235 169
235 170
235 171
235 124
235 125
235 126
235 175
235 128
235 177
235 178
235 179
235 132
235 133
235 134
235 183
235 184
235 137
235 138
235 139
235 188
235 189
235 190
235 143
236 216
236 193
236 194
236 195
236 101
236 102
236 103
236 104
236 105
236 106
236 222
236 221
236 219
236 199
236 111
236 208
236 201
236 202
236 203
236 212
236 213
236 214
236 207
236 112
236 153
236 154
236 155
236 116
236 117
236 118
236 159
236 120
236 169
236 170
236 171
236 124
236 125
236 126
236 175
236 176
236 129
236 130
236 131
236 180
236 181
236 182
236 135
236 136
236 185
236 186
236 187
236 140
236 141
236 142
236 191
237 216
237 193
237 194
237 195
237 101
237 102
237 103
237 104
237 105
237 106
237 222
237 221
237 219
237 199
237 111
237 208
237 201
237 202
237 203
237 212
237 213
237 214
237 207
237 112
237 153
237 154
237 155
237 116
237 117
237 118
237 159
237 168
237 121
237 122
237 123
237 172
237 173
237 174
237 127
237 128
237 177
237 178
237 179
237 132
237 133
237 134
237 183
237 136
237 185
237 186
237 187
237 140
237 141
237 142
237 191
238 216
238 193
238 194
238 195
238 101
238 102
238 103
238 104
238 105
238 106
238 222
238 221
238 219
238 199
238 111
238 208
238 201
238 202
238 203
238 212
238 213
238 214
238 207
238 152
238 113
238 114
238 115
238 156
238 157
238 158
238 119
238 120
238 169
238 170
238 171
238 124
238 125
238 126
238 175
238 128
238 177
238 178
238 179
238 132
238 133
238 134
238 183
238 136
238 185
238 186
238 187
238 140
238 141
238 142
238 191
239 216
239 193
239 194
239 195
239 101
239 102
239 103
239 104
239 105
239 106
239 222
239 221
239 219
239 199
239 111
239 200
239 209
239 210
239 211
239 204
239 205
239 206
239 215
239 112
239 153
239 154
239 155
239 116
239 117
239 118
239 159
239 120
239 169
239 170
239 171
239 124
239 125
239 126
239 175
239 128
239 177
239 178
239 179
239 132
239 133
239 134
239 183
239 136
239 185
239 186
239 187
239 140
239 141
239 142
239 191
192 200
192 208
192 201
192 202
192 203
192 209
192 210
192 211
192 204
192 205
192 206
192 212
192 213
192 214
192 207
192 215
192 240
192 248
192 249
192 250
192 251
192 241
192 242
192 243
192 244
192 245
192 246
192 252
192 253
192 254
192 255
192 247
200 216
200 193
200 194
200 195
200 220
200 217
200 218
200 196
200 197
200 198
200 222
200 221
200 219
200 199
200 223
200 112
200 113
200 114
200 115
200 116
200 117
200 118
200 119
200 120
200 121
200 122
200 123
200 124
200 125
200 126
200 127
200 128
200 129
200 130
200 131
200 132
200 133
200 134
200 135
200 136
200 137
200 138
200 139
200 140
200 141
200 142
200 143
200 248
200 249
200 250
200 251
200 252
200 253
200 254
200 255
208 216
208 193
208 194
208 195
208 220
208 217
208 218
208 196
208 197
208 198
208 222
208 221
208 219
208 199
208 223
208 152
208 153
208 154
208 155
208 156
208 157
208 158
208 159
208 120
208 121
208 122
208 123
208 124
208 125
208 126
208 127
208 128
208 129
208 130
208 131
208 132
208 133
208 134
208 135
208 136
208 137
208 138
208 139
208 140
208 141
208 142
208 143
208 240
208 241
208 242
208 243
208 244
208 245
208 246
208 247
201 216
201 193
201 194
201 195
201 220
201 217
201 218
201 196
201 197
201 198
201 222
201 221
201 219
201 199
201 223
201 112
201 113
201 114
201 115
201 116
201 117
201 118
201 119
201 168
201 169
201 170
201 171
201 172
201 173
201 174
201 175
201 128
201 129
201 130
201 131
201 132
201 133
201 134
201 135
201 136
201 137
201 138
201 139
201 140
201 141
201 142
201 143
201 240
201 241
201 242
201 243
201 244
201 245
201 246
201 247
202 216
202 193
202 194
202 195
202 220
202 217
202 218
202 196
202 197
202 198
202 222
202 221
202 219
202 199
202 223
202 112
202 113
202 114
202 115
202 116
202 117
202 118
202 119
202 120
202 121
202 122
202 123
202 124
202 125
202 126
202 127
202 176
202 177
202 178
202 179
202 180
202 181
202 182
202 183
202 136
202 137
202 138
202 139
202 140
202 141
202 142
202 143
202 240
202 241
202 242
202 243
202 244
202 245
202 246
202 247
203 216
203 193
203 194
203 195
203 220
203 217
203 218
203 196
203 197
203 198
203 222
203 221
203 219
203 199
203 223
203 112
203 113
203 114
203 115
203 116
203 117
203 118
203 119
203 120
203 121
203 122
203 123
203 124
203 125
203 126
203 127
203 128
203 129
203 130
203 131
203 132
203 133
203 134
203 135
203 184
203 185
203 186
203 187
203 188
203 189
203 190
203 191
203 240
203 241
203 242
203 243
203 244
203 245
203 246
203 247
209 216
209 193
209 194
209 195
209 220
209 217
209 218
209 196
209 197
209 198
209 222
209 221
209 219
209 199
209 223
209 152
209 153
209 154
209 155
209 156
209 157
209 158
209 159
209 168
209 169
209 170
209 171
209 172
209 173
209 174
209 175
209 128
209 129
209 130
209 131
209 132
209 133
209 134
209 135
209 136
209 137
209 138
209 139
209 140
209 141
209 142
209 143
209 248
209 249
209 250
209 251
209 252
209 253
209 254
209 255
210 216
210 193
210 194
210 195
210 220
210 217
210 218
210 196
210 197
210 198
210 222
210 221
210 219
210 199
210 223
210 152
210 153
210 154
210 155
210 156
210 157
210 158
210 159
210 120
210 121
210 122
210 123
210 124
210 125
210 126
210 127
210 176
210 177
210 178
210 179
210 180
210 181
210 182
210 183
210 136
210 137
210 138
210 139
210 140
210 141
210 142
210 143
210 248
210 249
210 250
210 251
210 252
210 253
210 254
210 255
211 216
211 193
211 194
211 195
211 220
211 217
211 218
211 196
211 197
211 198
211 222
211 221
211 219
211 199
211 223
211 152
211 153
211 154
211 155
211 156
211 157
211 158
211 159
211 120
211 121
211 122
211 123
211 124
211 125
211 126
211 127
211 128
211 129
211 130
211 131
211 132
211 133
211 134
211 135
211 184
211 185
211 186
211 187
211 188
211 189
211 190
211 191
211 248
211 249
211 250
211 251
211 252
211 253
211 254
211 255
204 216
204 193
204 194
204 195
204 220
204 217
204 218
204 196
204 197
204 198
204 222
204 221
204 219
204 199
204 223
204 112
204 113
204 114
204 115
204 116
204 117
204 118
204 119
204 168
204 169
204 170
204 171
204 172
204 173
204 174
204 175
204 176
204 177
204 178
204 179
204 180
204 181
204 182
204 183
204 136
204 137
204 138
204 139
204 140
204 141
204 142
204 143
204 248
204 249
204 250
204 251
204 252
204 253
204 254
204 255
205 216
205 193
205 194
205 195
205 220
205 217
205 218
205 196
205 197
205 198
205 222
205 221
205 219
205 199
205 223
205 112
205 113
205 114
205 115
205 116
205 117
205 118
205 119
205 168
205 169
205 170
205 171
205 172
205 173
205 174
205 175
205 128
205 129
205 130
205 131
205 132
205 133
205 134
205 135
205 184
205 185
205 186
205 187
205 188
205 189
205 190
205 191
205 248
205 249
205 250
205 251
205 252
205 253
205 254
205 255
206 216
206 193
206 194
206 195
206 220
206 217
206 218
206 196
206 197
206 198
206 222
206 221
206 219
206 199
206 223
206 112
206 113
206 114
206 115
206 116
206 117
206 118
206 119
206 120
206 121
206 122
206 123
206 124
206 125
206 126
206 127
206 176
206 177
206 178
206 179
206 180
206 181
206 182
206 183
206 184
206 185
206 186
206 187
206 188
206 189
206 190
206 191
206 248
206 249
206 250
206 251
206 252
206 253
206 254
206 255
212 216
212 193
212 194
212 195
212 220
212 217
212 218
212 196
212 197
212 198
212 222
212 221
212 219
212 199
212 223
212 152
212 153
212 154
212 155
212 156
212 157
212 158
212 159
212 168
212 169
212 170
212 171
212 172
212 173
212 174
212 175
212 176
212 177
212 178
212 179
212 180
212 181
212 182
212 183
212 136
212 137
212 138
212 139
212 140
212 141
212 142
212 143
212 240
212 241
212 242
212 243
212 244
212 245
212 246
212 247
213 216
213 193
213 194
213 195
213 220
213 217
213 218
213 196
213 197
213 198
213 222
213 221
213 219
213 199
213 223
213 152
213 153
213 154
213 155
213 156
213 157
213 158
213 159
213 168
213 169
213 170
213 171
213 172
213 173
213 174
213 175
213 128
213 129
213 130
213 131
213 132
213 133
213 134
213 135
213 184
213 185
213 186
213 187
213 188
213 189
213 190
213 191
213 240
213 241
213 242
213 243
213 244
213 245
213 246
213 247
214 216
214 193
214 194
214 195
214 220
214 217
214 218
214 196
214 197
214 198
214 222
214 221
214 219
214 199
214 223
214 152
214 153
214 154
214 155
214 156
214 157
214 158
214 159
214 120
214 121
214 122
214 123
214 124
214 125
214 126
214 127
214 176
214 177
214 178
214 179
214 180
214 181
214 182
214 183
214 184
214 185
214 186
214 187
214 188
214 189
214 190
214 191
214 240
214 241
214 242
214 243
214 244
214 245
214 246
214 247
207 216
207 193
207 194
207 195
207 220
207 217
207 218
207 196
207 197
207 198
207 222
207 221
207 219
207 199
207 223
207 112
207 113
207 114
207 115
207 116
207 117
207 118
207 119
207 168
207 169
207 170
207 171
207 172
207 173
207 174
207 175
207 176
207 177
207 178
207 179
207 180
207 181
207 182
207 183
207 184
207 185
207 186
207 187
207 188
207 189
207 190
207 191
207 240
207 241
207 242
207 243
207 244
207 245
207 246
207 247
215 216
215 193
215 194
215 195
215 220
215 217
215 218
215 196
215 197
215 198
215 222
215 221
215 219
215 199
215 223
215 152
215 153
215 154
215 155
215 156
215 157
215 158
215 159
215 168
215 169
215 170
215 171
215 172
215 173
215 174
215 175
215 176
215 177
215 178
215 179
215 180
215 181
215 182
215 183
215 184
215 185
215 186
215 187
215 188
215 189
215 190
215 191
215 248
215 249
215 250
215 251
215 252
215 253
215 254
215 255
240 97
240 98
240 99
240 100
240 220
240 217
240 218
240 196
240 197
240 198
240 107
240 108
240 109
240 110
240 223
240 152
240 113
240 114
240 115
240 156
240 157
240 158
240 119
240 168
240 121
240 122
240 123
240 172
240 173
240 174
240 127
240 176
240 129
240 130
240 131
240 180
240 181
240 182
240 135
240 184
240 137
240 138
240 139
240 188
240 189
240 190
240 143
248 97
248 98
248 99
248 100
248 220
248 217
248 218
248 196
248 197
248 198
248 107
248 108
248 109
248 110
248 223
248 112
248 153
248 154
248 155
248 116
248 117
248 118
248 159
248 168
248 121
248 122
248 123
248 172
248 173
248 174
248 127
248 176
248 129
248 130
248 131
248 180
248 181
248 182
248 135
248 184
248 137
248 138
248 139
248 188
248 189
248 190
248 143
249 97
249 98
249 99
249 100
249 220
249 217
249 218
249 196
249 197
249 198
249 107
249 108
249 109
249 110
249 223
249 152
249 113
249 114
249 115
249 156
249 157
249 158
249 119
249 120
249 169
249 170
249 171
249 124
249 125
249 126
249 175
249 176
249 129
249 130
249 131
249 180
249 181
249 182
249 135
249 184
249 137
249 138
249 139
249 188
249 189
249 190
249 143
250 97
250 98
250 99
250 100
250 220
250 217
250 218
250 196
250 197
250 198
250 107
250 108
250 109
250 110
250 223
250 152
250 113
250 114
250 115
250 156
250 157
250 158
250 119
250 168
250 121
250 122
250 123
250 172
250 173
250 174
250 127
250 128
250 177
250 178
250 179
250 132
250 133
250 134
250 183
250 184
250 137
250 138
250 139
250 188
250 189
250 190
250 143
251 97
251 98
251 99
251 100
251 220
251 217
251 218
251 196
251 197
251 198
251 107
251 108
251 109
251 110
251 223
251 152
251 113
251 114
251 115
251 156
251 157
251 158
251 119
251 168
251 121
251 122
251 123
251 172
251 173
251 174
251 127
251 176
251 129
251 130
251 131
251 180
251 181
251 182
251 135
251 136
251 185
251 186
251 187
251 140
251 141
251 142
251 191
241 97
241 98
241 99
241 100
241 220
241 217
241 218
241 196
241 197
241 198
241 107
241 108
241 109
241 110
241 223
241 112
241 153
241 154
241 155
241 116
241 117
241 118
241 159
241 120
241 169
241 170
241 171
241 124
241 125
241 126
241 175
241 176
241 129
241 130
241 131
241 180
241 181
241 182
241 135
241 184
241 137
241 138
241 139
241 188
241 189
241 190
241 143
242 97
242 98
242 99
242 100
242 220
242 217
242 218
242 196
242 197
242 198
242 107
242 108
242 109
242 110
242 223
242 112
242 153
242 154
242 155
242 116
242 117
242 118
242 159
242 168
242 121
242 122
242 123
242 172
242 173
242 174
242 127
242 128
242 177
242 178
242 179
242 132
242 133
242 134
242 183
242 184
242 137
242 138
242 139
242 188
242 189
242 190
242 143
243 97
243 98
243 99
243 100
243 220
243 217
243 218
243 196
243 197
243 198
243 107
243 108
243 109
243 110
243 223
243 112
243 153
243 154
243 155
243 116
243 117
243 118
243 159
243 168
243 121
243 122
243 123
243 172
243 173
243 174
243 127
243 176
243 129
243 130
243 131
243 180
243 181
243 182
243 135
243 136
243 185
243 186
243 187
243 140
243 141
243 142
243 191
244 97
244 98
244 99
244 100
244 220
244 217
244 218
244 196
244 197
244 198
244 107
244 108
244 109
244 110
244 223
244 152
244 113
244 114
244 115
244 156
244 157
244 158
244 119
244 120
244 169
244 170
244 171
244 124
244 125
244 126
244 175
244 128
244 177
244 178
244 179
244 132
244 133
244 134
244 183
244 184
244 137
244 138
244 139
244 188
244 189
244 190
244 143
245 97
245 98
245 99
245 100
245 220
245 217
245 218
245 196
245 197
245 198
245 107
245 108
245 109
245 110
245 223
245 152
245 113
245 114
245 115
245 156
245 157
245 158
245 119
245 120
245 169
245 170
245 171
245 124
245 125
245 126
245 175
245 176
245 129
245 130
245 131
245 180
245 181
245 182
245 135
245 136
245 185
245 186
245 187
245 140
245 141
245 142
245 191
246 97
246 98
246 99
246 100
246 220
246 217
246 218
246 196
246 197
246 198
246 107
246 108
246 109
246 110
246 223
246 152
246 113
246 114
246 115
246 156
246 157
246 158
246 119
246 168
246 121
246 122
246 123
246 172
246 173
246 174
246 127
246 128
246 177
246 178
246 179
246 132
246 133
246 134
246 183
246 136
246 185
246 186
246 187
246 140
246 141
246 142
246 191
252 97
252 98
252 99
252 100
252 220
252 217
252 218
252 196
252 197
252 198
252 107
252 108
252 109
252 110
252 223
252 112
252 153
252 154
252 155
252 116
252 117
252 118
252 159
252 120
252 169
252 170
252 171
252 124
252 125
252 126
252 175
252 128
252 177
252 178
252 179
252 132
252 133
252 134
252 183
252 184
252 137
252 138
252 139
252 188
252 189
252 190
252 143
253 97
253 98
253 99
253 100
253 220
253 217
253 218
253 196
253 197
253 198
253 107
253 108
253 109
253 110
253 223
253 112
253 153
253 154
253 155
253 116
253 117
253 118
253 159
253 120
253 169
253 170
253 171
253 124
253 125
253 126
253 175
253 176
253 129
253 130
253 131
253 180
253 181
253 182
253 135
253 136
253 185
253 186
253 187
253 140
253 141
253 142
253 191
254 97
254 98
254 99
254 100
254 220
254 217
254 218
254 196
254 197
254 198
254 107
254 108
254 109
254 110
254 223
254 112
254 153
254 154
254 155
254 116
254 117
254 118
254 159
254 168
254 121
254 122
254 123
254 172
254 173
254 174
254 127
254 128
254 177
254 178
254 179
254 132
254 133
254 134
254 183
254 136
254 185
254 186
254 187
254 140
254 141
254 142
254 191
255 97
255 98
255 99
255 100
255 220
255 217
255 218
255 196
255 197
255 198
255 107
255 108
255 109
255 110
255 223
255 152
255 113
255 114
255 115
255 156
255 157
255 158
255 119
255 120
255 169
255 170
255 171
255 124
255 125
255 126
255 175
255 128
255 177
255 178
255 179
255 132
255 133
255 134
255 183
255 136
255 185
255 186
255 187
255 140
255 141
255 142
255 191
247 97
247 98
247 99
247 100
247 220
247 217
247 218
247 196
247 197
247 198
247 107
247 108
247 109
247 110
247 223
247 112
247 153
247 154
247 155
247 116
247 117
247 118
247 159
247 120
247 169
247 170
247 171
247 124
247 125
247 126
247 175
247 128
247 177
247 178
247 179
247 132
247 133
247 134
247 183
247 136
247 185
247 186
247 187
247 140
247 141
247 142
247 191
97 112
97 152
97 113
97 114
97 115
97 153
97 154
97 155
97 116
97 117
97 118
97 156
97 157
97 158
97 119
97 159
112 216
112 101
112 102
112 103
112 220
112 217
112 218
112 107
112 108
112 109
112 222
112 221
112 219
112 111
112 223
112 120
112 168
112 122
112 123
112 170
112 171
112 126
112 174
112 128
112 176
112 130
112 131
112 178
112 179
112 134
112 182
112 136
112 184
112 138
112 139
112 186
112 187
112 142
112 190
152 216
152 101
152 102
152 103
152 220
152 217
152 218
152 107
152 108
152 109
152 222
152 221
152 219
152 111
152 223
152 120
152 168
152 122
152 123
152 170
152 171
152 126
152 174
152 128
152 176
152 130
152 131
152 178
152 179
152 134
152 182
152 136
152 184
152 138
152 139
152 186
152 187
152 142
152 190
113 216
113 101
113 102
113 103
113 220
113 217
113 218
113 107
113 108
113 109
113 222
113 221
113 219
113 111
113 223
113 121
113 169
113 124
113 125
113 172
113 173
113 127
113 175
113 128
113 176
113 130
113 131
113 178
113 179
113 134
113 182
113 136
113 184
113 138
113 139
113 186
113 187
113 142
113 190
114 216
114 101
114 102
114 103
114 220
114 217
114 218
114 107
114 108
114 109
114 222
114 221
114 219
114 111
114 223
114 120
114 168
114 122
114 123
114 170
114 171
114 126
114 174
114 129
114 177
114 132
114 133
114 180
114 181
114 135
114 183
114 136
114 184
114 138
114 139
114 186
114 187
114 142
114 190
115 216
115 101
115 102
115 103
115 220
115 217
115 218
115 107
115 108
115 109
115 222
115 221
115 219
115 111
115 223
115 120
115 168
115 122
115 123
115 170
115 171
115 126
115 174
115 128
115 176
115 130
115 131
115 178
115 179
115 134
115 182
115 137
115 185
115 140
115 141
115 188
115 189
115 143
115 191
153 216
153 101
153 102
153 103
153 220
153 217
153 218
153 107
153 108
153 109
153 222
153 221
153 219
153 111
153 223
153 121
153 169
153 124
153 125
153 172
153 173
153 127
153 175
153 128
153 176
153 130
153 131
153 178
153 179
153 134
153 182
153 136
153 184
153 138
153 139
153 186
153 187
153 142
153 190
154 216
154 101
154 102
154 103
154 220
154 217
154 218
154 107
154 108
154 109
154 222
154 221
154 219
154 111
154 223
154 120
154 168
154 122
154 123
154 170
154 171
154 126
154 174
154 129
154 177
154 132
154 133
154 180
154 181
154 135
154 183
154 136
154 184
154 138
154 139
154 186
154 187
154 142
154 190
155 216
155 101
155 102
155 103
155 220
155 217
155 218
155 107
155 108
155 109
155 222
155 221
155 219
155 111
155 223
155 120
155 168
155 122
155 123
155 170
155 171
155 126
155 174
155 128
155 176
155 130
155 131
155 178
155 179
155 134
155 182
155 137
155 185
155 140
155 141
155 188
155 189
155 143
155 191
116 216
116 101
116 102
116 103
116 220
116 217
116 218
116 107
116 108
116 109
116 222
116 221
116 219
116 111
116 223
116 121
116 169
116 124
116 125
116 172
116 173
116 127
116 175
116 129
116 177
116 132
116 133
116 180
116 181
116 135
116 183
116 136
116 184
116 138
116 139
116 186
116 187
116 142
116 190
117 216
117 101
117 102
117 103
117 220
117 217
117 218
117 107
117 108
117 109
117 222
117 221
117 219
117 111
117 223
117 121
117 169
117 124
117 125
117 172
117 173
117 127
117 175
117 128
117 176
117 130
117 131
117 178
117 179
117 134
117 182
117 137
117 185
117 140
117 141
117 188
117 189
117 143
117 191
118 216
118 101
118 102
118 103
118 220
118 217
118 218
118 107
118 108
118 109
118 222
118 221
118 219
118 111
118 223
118 120
118 168
118 122
118 123
118 170
118 171
118 126
118 174
118 129
118 177
118 132
118 133
118 180
118 181
118 135
118 183
118 137
118 185
118 140
118 141
118 188
118 189
118 143
118 191
156 216
156 101
156 102
156 103
156 220
156 217
156 218
156 107
156 108
156 109
156 222
156 221
156 219
156 111
156 223
156 121
156 169
156 124
156 125
156 172
156 173
156 127
156 175
156 129
156 177
156 132
156 133
156 180
156 181
156 135
156 183
156 136
156 184
156 138
156 139
156 186
156 187
156 142
156 190
157 216
157 101
157 102
157 103
157 220
157 217
157 218
157 107
157 108
157 109
157 222
157 221
157 219
157 111
157 223
157 121
157 169
157 124
157 125
157 172
157 173
157 127
157 175
157 128
157 176
157 130
157 131
157 178
157 179
157 134
157 182
157 137
157 185
157 140
157 141
157 188
157 189
157 143
157 191
158 216
158 101
158 102
158 103
158 220
158 217
158 218
158 107
158 108
158 109
158 222
158 221
158 219
158 111
158 223
158 120
158 168
158 122
158 123
158 170
158 171
158 126
158 174
158 129
158 177
158 132
158 133
158 180
158 181
158 135
158 183
158 137
158 185
158 140
158 141
158 188
158 189
158 143
158 191
119 216
119 101
119 102
119 103
119 220
119 217
119 218
119 107
119 108
119 109
119 222
119 221
119 219
119 111
119 223
119 121
119 169
119 124
119 125
119 172
119 173
119 127
119 175
119 129
119 177
119 132
119 133
119 180
119 181
119 135
119 183
119 137
119 185
119 140
119 141
119 188
119 189
119 143
119 191
159 216
159 101
159 102
159 103
159 220
159 217
159 218
159 107
159 108
159 109
159 222
159 221
159 219
159 111
159 223
159 121
159 169
159 124
159 125
159 172
159 173
159 127
159 175
159 129
159 177
159 132
159 133
159 180
159 181
159 135
159 183
159 137
159 185
159 140
159 141
159 188
159 189
159 143
159 191
98 120
98 168
98 121
98 122
98 123
98 169
98 170
98 171
98 124
98 125
98 126
98 172
98 173
98 174
98 127
98 175
120 193
120 101
120 104
120 105
120 220
120 196
120 197
120 107
120 108
120 110
120 222
120 221
120 199
120 111
120 223
120 128
120 176
120 129
120 131
120 177
120 179
120 133
120 181
120 136
120 184
120 137
120 139
120 185
120 187
120 141
120 189
168 193
168 101
168 104
168 105
168 220
168 196
168 197
168 107
168 108
168 110
168 222
168 221
168 199
168 111
168 223
168 128
168 176
168 129
168 131
168 177
168 179
168 133
168 181
168 136
168 184
168 137
168 139
168 185
168 187
168 141
168 189
121 193
121 101
121 104
121 105
121 220
121 196
121 197
121 107
121 108
121 110
121 222
121 221
121 199
121 111
121 223
121 128
121 176
121 129
121 131
121 177
121 179
121 133
121 181
121 136
121 184
121 137
121 139
121 185
121 187
121 141
121 189
122 193
122 101
122 104
122 105
122 220
122 196
122 197
122 107
122 108
122 110
122 222
122 221
122 199
122 111
122 223
122 130
122 178
122 132
122 134
122 180
122 182
122 135
122 183
122 136
122 184
122 137
122 139
122 185
122 187
122 141
122 189
123 193
123 101
123 104
123 105
123 220
123 196
123 197
123 107
123 108
123 110
123 222
123 221
123 199
123 111
123 223
123 128
123 176
123 129
123 131
123 177
123 179
123 133
123 181
123 138
123 186
123 140
123 142
123 188
123 190
123 143
123 191
169 193
169 101
169 104
169 105
169 220
169 196
169 197
169 107
169 108
169 110
169 222
169 221
169 199
169 111
169 223
169 128
169 176
169 129
169 131
169 177
169 179
169 133
169 181
169 136
169 184
169 137
169 139
169 185
169 187
169 141
169 189
170 193
170 101
170 104
170 105
170 220
170 196
170 197
170 107
170 108
170 110
170 222
170 221
170 199
170 111
170 223
170 130
170 178
170 132
170 134
170 180
170 182
170 135
170 183
170 136
170 184
170 137
170 139
170 185
170 187
170 141
170 189
171 193
171 101
171 104
171 105
171 220
171 196
171 197
171 107
171 108
171 110
171 222
171 221
171 199
171 111
171 223
171 128
171 176
171 129
171 131
171 177
171 179
171 133
171 181
171 138
171 186
171 140
171 142
171 188
171 190
171 143
171 191
124 193
124 101
124 104
124 105
124 220
124 196
124 197
124 107
124 108
124 110
124 222
124 221
124 199
124 111
124 223
124 130
124 178
124 132
124 134
124 180
124 182
124 135
124 183
124 136
124 184
124 137
124 139
124 185
124 187
124 141
124 189
125 193
125 101
125 104
125 105
125 220
125 196
125 197
125 107
125 108
125 110
125 222
125 221
125 199
125 111
125 223
125 128
125 176
125 129
125 131
125 177
125 179
125 133
125 181
125 138
125 186
125 140
125 142
125 188
125 190
125 143
125 191
126 193
126 101
126 104
126 105
126 220
126 196
126 197
126 107
126 108
126 110
126 222
126 221
126 199
126 111
126 223
126 130
126 178
126 132
126 134
126 180
126 182
126 135
126 183
126 138
126 186
126 140
126 142
126 188
126 190
126 143
126 191
172 193
172 101
172 104
172 105
172 220
172 196
172 197
172 107
172 108
172 110
172 222
172 221
172 199
172 111
172 223
172 130
172 178
172 132
172 134
172 180
172 182
172 135
172 183
172 136
172 184
172 137
172 139
172 185
172 187
172 141
172 189
173 193
173 101
173 104
173 105
173 220
173 196
173 197
173 107
173 108
173 110
173 222
173 221
173 199
173 111
173 223
173 128
173 176
173 129
173 131
173 177
173 179
173 133
173 181
173 138
173 186
173 140
173 142
173 188
173 190
173 143
173 191
174 193
174 101
174 104
174 105
174 220
174 196
174 197
174 107
174 108
174 110
174 222
174 221
174 199
174 111
174 223
174 130
174 178
174 132
174 134
174 180
174 182
174 135
174 183
174 138
174 186
174 140
174 142
174 188
174 190
174 143
174 191
127 193
127 101
127 104
127 105
127 220
127 196
127 197
127 107
127 108
127 110
127 222
127 221
127 199
127 111
127 223
127 130
127 178
127 132
127 134
127 180
127 182
127 135
127 183
127 138
127 186
127 140
127 142
127 188
127 190
127 143
127 191
175 193
175 101
175 104
175 105
175 220
175 196
175 197
175 107
175 108
175 110
175 222
175 221
175 199
175 111
175 223
175 130
175 178
175 132
175 134
175 180
175 182
175 135
175 183
175 138
175 186
175 140
175 142
175 188
175 190
175 143
175 191
99 128
99 176
99 129
99 130
99 131
99 177
99 178
99 179
99 132
99 133
99 134
99 180
99 181
99 182
99 135
99 183
128 194
128 102
128 104
128 106
128 217
128 196
128 198
128 107
128 109
128 110
128 222
128 219
128 199
128 111
128 223
128 136
128 184
128 137
128 138
128 185
128 186
128 140
128 188
176 194
176 102
176 104
176 106
176 217
176 196
176 198
176 107
176 109
176 110
176 222
176 219
176 199
176 111
176 223
176 136
176 184
176 137
176 138
176 185
176 186
176 140
176 188
129 194
129 102
129 104
129 106
129 217
129 196
129 198
129 107
129 109
129 110
129 222
129 219
129 199
129 111
129 223
129 136
129 184
129 137
129 138
129 185
129 186
129 140
129 188
130 194
130 102
130 104
130 106
130 217
130 196
130 198
130 107
130 109
130 110
130 222
130 219
130 199
130 111
130 223
130 136
130 184
130 137
130 138
130 185
130 186
130 140
130 188
131 194
131 102
131 104
131 106
131 217
131 196
131 198
131 107
131 109
131 110
131 222
131 219
131 199
131 111
131 223
131 139
131 187
131 141
131 142
131 189
131 190
131 143
131 191
177 194
177 102
177 104
177 106
177 217
177 196
177 198
177 107
177 109
177 110
177 222
177 219
177 199
177 111
177 223
177 136
177 184
177 137
177 138
177 185
177 186
177 140
177 188
178 194
178 102
178 104
178 106
178 217
178 196
178 198
178 107
178 109
178 110
178 222
178 219
178 199
178 111
178 223
178 136
178 184
178 137
178 138
178 185
178 186
178 140
178 188
179 194
179 102
179 104
179 106
179 217
179 196
179 198
179 107
179 109
179 110
179 222
179 219
179 199
179 111
179 223
179 139
179 187
179 141
179 142
179 189
179 190
179 143
179 191
132 194
132 102
132 104
132 106
132 217
132 196
132 198
132 107
132 109
132 110
132 222
132 219
132 199
132 111
132 223
132 136
132 184
132 137
132 138
132 185
132 186
132 140
132 188
133 194
133 102
133 104
133 106
133 217
133 196
133 198
133 107
133 109
133 110
133 222
133 219
133 199
133 111
133 223
133 139
133 187
133 141
133 142
133 189
133 190
133 143
133 191
134 194
134 102
134 104
134 106
134 217
134 196
134 198
134 107
134 109
134 110
134 222
134 219
134 199
134 111
134 223
134 139
134 187
134 141
134 142
134 189
134 190
134 143
134 191
180 194
180 102
180 104
180 106
180 217
180 196
180 198
180 107
180 109
180 110
180 222
180 219
180 199
180 111
180 223
180 136
180 184
180 137
180 138
180 185
180 186
180 140
180 188
181 194
181 102
181 104
181 106
181 217
181 196
181 198
181 107
181 109
181 110
181 222
181 219
181 199
181 111
181 223
181 139
181 187
181 141
181 142
181 189
181 190
181 143
181 191
182 194
182 102
182 104
182 106
182 217
182 196
182 198
182 107
182 109
182 110
182 222
182 219
182 199
182 111
182 223
182 139
182 187
182 141
182 142
182 189
182 190
182 143
182 191
135 194
135 102
135 104
135 106
135 217
135 196
135 198
135 107
135 109
135 110
135 222
135 219
135 199
135 111
135 223
135 139
135 187
135 141
135 142
135 189
135 190
135 143
135 191
183 194
183 102
183 104
183 106
183 217
183 196
183 198
183 107
183 109
183 110
183 222
183 219
183 199
183 111
183 223
183 139
183 187
183 141
183 142
183 189
183 190
183 143
183 191
100 136
100 184
100 137
100 138
100 139
100 185
100 186
100 187
100 140
100 141
100 142
100 188
100 189
100 190
100 143
100 191
136 195
136 103
136 105
136 106
136 218
136 197
136 198
136 108
136 109
136 110
136 221
136 219
136 199
136 111
136 223
184 195
184 103
184 105
184 106
184 218
184 197
184 198
184 108
184 109
184 110
184 221
184 219
184 199
184 111
184 223
137 195
137 103
137 105
137 106
137 218
137 197
137 198
137 108
137 109
137 110
137 221
137 219
137 199
137 111
137 223
138 195
138 103
138 105
138 106
138 218
138 197
138 198
138 108
138 109
138 110
138 221
138 219
138 199
138 111
138 223
139 195
139 103
139 105
139 106
139 218
139 197
139 198
139 108
139 109
139 110
139 221
139 219
139 199
139 111
139 223
185 195
185 103
185 105
185 106
185 218
185 197
185 198
185 108
185 109
185 110
185 221
185 219
185 199
185 111
185 223
186 195
186 103
186 105
186 106
186 218
186 197
186 198
186 108
186 109
186 110
186 221
186 219
186 199
186 111
186 223
187 195
187 103
187 105
187 106
187 218
187 197
187 198
187 108
187 109
187 110
187 221
187 219
187 199
187 111
187 223
140 195
140 103
140 105
140 106
140 218
140 197
140 198
140 108
140 109
140 110
140 221
140 219
140 199
140 111
140 223
141 195
141 103
141 105
141 106
141 218
141 197
141 198
141 108
141 109
141 110
141 221
141 219
141 199
141 111
141 223
142 195
142 103
142 105
142 106
142 218
142 197
142 198
142 108
142 109
142 110
142 221
142 219
142 199
142 111
142 223
188 195
188 103
188 105
188 106
188 218
188 197
188 198
188 108
188 109
188 110
188 221
188 219
188 199
188 111
188 223
189 195
189 103
189 105
189 106
189 218
189 197
189 198
189 108
189 109
189 110
189 221
189 219
189 199
189 111
189 223
190 195
190 103
190 105
190 106
190 218
190 197
190 198
190 108
190 109
190 110
190 221
190 219
190 199
190 111
190 223
143 195
143 103
143 105
143 106
143 218
143 197
143 198
143 108
143 109
143 110
143 221
143 219
143 199
143 111
143 223
191 195
191 103
191 105
191 106
191 218
191 197
191 198
191 108
191 109
191 110
191 221
191 219
191 199
191 111
191 223
