0 1
0 2
0 3
0 4
0 5
0 6
0 7
0 8
0 9
0 10
0 11
0 12
0 13
0 14
0 15
0 16
0 17
0 18
0 19
0 20
0 21
0 22
0 23
0 24
0 25
0 26
0 27
0 28
0 29
0 30
0 31
0 32
0 33
0 34
0 35
0 36
0 37
0 38
0 39
0 40
0 41
0 42
0 43
0 44
0 45
0 46
0 47
0 48
0 49
0 50
0 51
0 52
0 53
0 54
0 55
0 56
0 57
0 58
0 59
0 60
0 61
0 62
0 63
0 64
0 65
0 66
0 67
0 68
0 69
0 70
0 71
0 72
0 73
0 74
0 75
0 76
0 77
0 78
0 79
0 80
0 81
0 82
0 83
0 84
0 85
0 86
0 87
0 88
0 89
0 90
0 91
0 92
0 93
0 94
0 95
0 96
1 97
1 98
1 99
1 100
1 101
1 102
1 103
1 104
1 105
1 106
1 107
1 108
1 109
1 110
1 111
1 17
1 112
1 19
1 20
1 21
1 113
1 114
1 115
1 25
1 26
1 27
1 116
1 117
1 118
1 31
1 119
1 33
1 120
1 35
1 36
1 37
1 121
1 122
1 123
1 41
1 42
1 43
1 124
1 125
1 126
1 47
1 127
1 49
1 128
1 51
1 52
1 53
1 129
1 130
1 131
1 57
1 58
1 59
1 132
1 133
1 134
1 63
1 135
1 65
1 136
1 67
1 68
1 69
1 137
1 138
1 139
1 73
1 74
1 75
1 140
1 141
1 142
1 79
1 143
1 81
1 144
1 145
1 146
1 147
1 86
1 87
1 88
1 89
1 90
1 91
1 148
1 149
1 150
1 151
1 96
2 97
2 98
2 99
2 100
2 101
2 102
2 103
2 104
2 105
2 106
2 107
2 108
2 109
2 110
2 111
2 18
2 152
2 22
2 23
2 24
2 153
2 154
2 155
2 28
2 29
2 30
2 156
2 157
2 158
2 32
2 159
2 33
2 120
2 35
2 36
2 37
2 121
2 122
2 123
2 41
2 42
2 43
2 124
2 125
2 126
2 47
2 127
2 49
2 128
2 51
2 52
2 53
2 129
2 130
2 131
2 57
2 58
2 59
2 132
2 133
2 134
2 63
2 135
2 65
2 136
2 67
2 68
2 69
2 137
2 138
2 139
2 73
2 74
2 75
2 140
2 141
2 142
2 79
2 143
2 160
2 82
2 83
2 84
2 85
2 161
2 162
2 163
2 164
2 165
2 166
2 92
2 93
2 94
2 95
2 167
3 97
3 98
3 99
3 100
3 101
3 102
3 103
3 104
3 105
3 106
3 107
3 108
3 109
3 110
3 111
3 17
3 112
3 19
3 20
3 21
3 113
3 114
3 115
3 25
3 26
3 27
3 116
3 117
3 118
3 31
3 119
3 34
3 168
3 38
3 39
3 40
3 169
3 170
3 171
3 44
3 45
3 46
3 172
3 173
3 174
3 48
3 175
3 49
3 128
3 51
3 52
3 53
3 129
3 130
3 131
3 57
3 58
3 59
3 132
3 133
3 134
3 63
3 135
3 65
3 136
3 67
3 68
3 69
3 137
3 138
3 139
3 73
3 74
3 75
3 140
3 141
3 142
3 79
3 143
3 160
3 82
3 83
3 84
3 85
3 161
3 162
3 163
3 164
3 165
3 166
3 92
3 93
3 94
3 95
3 167
4 97
4 98
4 99
4 100
4 101
4 102
4 103
4 104
4 105
4 106
4 107
4 108
4 109
4 110
4 111
4 17
4 112
4 19
4 20
4 21
4 113
4 114
4 115
4 25
4 26
4 27
4 116
4 117
4 118
4 31
4 119
4 33
4 120
4 35
4 36
4 37
4 121
4 122
4 123
4 41
4 42
4 43
4 124
4 125
4 126
4 47
4 127
4 50
4 176
4 54
4 55
4 56
4 177
4 178
4 179
4 60
4 61
4 62
4 180
4 181
4 182
4 64
4 183
4 65
4 136
4 67
4 68
4 69
4 137
4 138
4 139
4 73
4 74
4 75
4 140
4 141
4 142
4 79
4 143
4 160
4 82
4 83
4 84
4 85
4 161
4 162
4 163
4 164
4 165
4 166
4 92
4 93
4 94
4 95
4 167
5 97
5 98
5 99
5 100
5 101
5 102
5 103
5 104
5 105
5 106
5 107
5 108
5 109
5 110
5 111
5 17
5 112
5 19
5 20
5 21
5 113
5 114
5 115
5 25
5 26
5 27
5 116
5 117
5 118
5 31
5 119
5 33
5 120
5 35
5 36
5 37
5 121
5 122
5 123
5 41
5 42
5 43
5 124
5 125
5 126
5 47
5 127
5 49
5 128
5 51
5 52
5 53
5 129
5 130
5 131
5 57
5 58
5 59
5 132
5 133
5 134
5 63
5 135
5 66
5 184
5 70
5 71
5 72
5 185
5 186
5 187
5 76
5 77
5 78
5 188
5 189
5 190
5 80
5 191
5 160
5 82
5 83
5 84
5 85
5 161
5 162
5 163
5 164
5 165
5 166
5 92
5 93
5 94
5 95
5 167
6 97
6 98
6 99
6 100
6 101
6 102
6 103
6 104
6 105
6 106
6 107
6 108
6 109
6 110
6 111
6 18
6 152
6 22
6 23
6 24
6 153
6 154
6 155
6 28
6 29
6 30
6 156
6 157
6 158
6 32
6 159
6 34
6 168
6 38
6 39
6 40
6 169
6 170
6 171
6 44
6 45
6 46
6 172
6 173
6 174
6 48
6 175
6 49
6 128
6 51
6 52
6 53
6 129
6 130
6 131
6 57
6 58
6 59
6 132
6 133
6 134
6 63
6 135
6 65
6 136
6 67
6 68
6 69
6 137
6 138
6 139
6 73
6 74
6 75
6 140
6 141
6 142
6 79
6 143
6 81
6 144
6 145
6 146
6 147
6 86
6 87
6 88
6 89
6 90
6 91
6 148
6 149
6 150
6 151
6 96
7 97
7 98
7 99
7 100
7 101
7 102
7 103
7 104
7 105
7 106
7 107
7 108
7 109
7 110
7 111
7 18
7 152
7 22
7 23
7 24
7 153
7 154
7 155
7 28
7 29
7 30
7 156
7 157
7 158
7 32
7 159
7 33
7 120
7 35
7 36
7 37
7 121
7 122
7 123
7 41
7 42
7 43
7 124
7 125
7 126
7 47
7 127
7 50
7 176
7 54
7 55
7 56
7 177
7 178
7 179
7 60
7 61
7 62
7 180
7 181
7 182
7 64
7 183
7 65
7 136
7 67
7 68
7 69
7 137
7 138
7 139
7 73
7 74
7 75
7 140
7 141
7 142
7 79
7 143
7 81
7 144
7 145
7 146
7 147
7 86
7 87
7 88
7 89
7 90
7 91
7 148
7 149
7 150
7 151
7 96
8 97
8 98
8 99
8 100
8 101
8 102
8 103
8 104
8 105
8 106
8 107
8 108
8 109
8 110
8 111
8 18
8 152
8 22
8 23
8 24
8 153
8 154
8 155
8 28
8 29
8 30
8 156
8 157
8 158
8 32
8 159
8 33
8 120
8 35
8 36
8 37
8 121
8 122
8 123
8 41
8 42
8 43
8 124
8 125
8 126
8 47
8 127
8 49
8 128
8 51
8 52
8 53
8 129
8 130
8 131
8 57
8 58
8 59
8 132
8 133
8 134
8 63
8 135
8 66
8 184
8 70
8 71
8 72
8 185
8 186
8 187
8 76
8 77
8 78
8 188
8 189
8 190
8 80
8 191
8 81
8 144
8 145
8 146
8 147
8 86
8 87
8 88
8 89
8 90
8 91
8 148
8 149
8 150
8 151
8 96
9 97
9 98
9 99
9 100
9 101
9 102
9 103
9 104
9 105
9 106
9 107
9 108
9 109
9 110
9 111
9 17
9 112
9 19
9 20
9 21
9 113
9 114
9 115
9 25
9 26
9 27
9 116
9 117
9 118
9 31
9 119
9 34
9 168
9 38
9 39
9 40
9 169
9 170
9 171
9 44
9 45
9 46
9 172
9 173
9 174
9 48
9 175
9 50
9 176
9 54
9 55
9 56
9 177
9 178
9 179
9 60
9 61
9 62
9 180
9 181
9 182
9 64
9 183
9 65
9 136
9 67
9 68
9 69
9 137
9 138
9 139
9 73
9 74
9 75
9 140
9 141
9 142
9 79
9 143
9 81
9 144
9 145
9 146
9 147
9 86
9 87
9 88
9 89
9 90
9 91
9 148
9 149
9 150
9 151
9 96
10 97
10 98
10 99
10 100
10 101
10 102
10 103
10 104
10 105
10 106
10 107
10 108
10 109
10 110
10 111
10 17
10 112
10 19
10 20
10 21
10 113
10 114
10 115
10 25
10 26
10 27
10 116
10 117
10 118
10 31
10 119
10 34
10 168
10 38
10 39
10 40
10 169
10 170
10 171
10 44
10 45
10 46
10 172
10 173
10 174
10 48
10 175
10 49
10 128
10 51
10 52
10 53
10 129
10 130
10 131
10 57
10 58
10 59
10 132
10 133
10 134
10 63
10 135
10 66
10 184
10 70
10 71
10 72
10 185
10 186
10 187
10 76
10 77
10 78
10 188
10 189
10 190
10 80
10 191
10 81
10 144
10 145
10 146
10 147
10 86
10 87
10 88
10 89
10 90
10 91
10 148
10 149
10 150
10 151
10 96
11 97
11 98
11 99
11 100
11 101
11 102
11 103
11 104
11 105
11 106
11 107
11 108
11 109
11 110
11 111
11 17
11 112
11 19
11 20
11 21
11 113
11 114
11 115
11 25
11 26
11 27
11 116
11 117
11 118
11 31
11 119
11 33
11 120
11 35
11 36
11 37
11 121
11 122
11 123
11 41
11 42
11 43
11 124
11 125
11 126
11 47
11 127
11 50
11 176
11 54
11 55
11 56
11 177
11 178
11 179
11 60
11 61
11 62
11 180
11 181
11 182
11 64
11 183
11 66
11 184
11 70
11 71
11 72
11 185
11 186
11 187
11 76
11 77
11 78
11 188
11 189
11 190
11 80
11 191
11 81
11 144
11 145
11 146
11 147
11 86
11 87
11 88
11 89
11 90
11 91
11 148
11 149
11 150
11 151
11 96
12 97
12 98
12 99
12 100
12 101
12 102
12 103
12 104
12 105
12 106
12 107
12 108
12 109
12 110
12 111
12 18
12 152
12 22
12 23
12 24
12 153
12 154
12 155
12 28
12 29
12 30
12 156
12 157
12 158
12 32
12 159
12 34
12 168
12 38
12 39
12 40
12 169
12 170
12 171
12 44
12 45
12 46
12 172
12 173
12 174
12 48
12 175
12 50
12 176
12 54
12 55
12 56
12 177
12 178
12 179
12 60
12 61
12 62
12 180
12 181
12 182
12 64
12 183
12 65
12 136
12 67
12 68
12 69
12 137
12 138
12 139
12 73
12 74
12 75
12 140
12 141
12 142
12 79
12 143
12 160
12 82
12 83
12 84
12 85
12 161
12 162
12 163
12 164
12 165
12 166
12 92
12 93
12 94
12 95
12 167
13 97
13 98
13 99
13 100
13 101
13 102
13 103
13 104
13 105
13 106
13 107
13 108
13 109
13 110
13 111
13 18
13 152
13 22
13 23
13 24
13 153
13 154
13 155
13 28
13 29
13 30
13 156
13 157
13 158
13 32
13 159
13 34
13 168
13 38
13 39
13 40
13 169
13 170
13 171
13 44
13 45
13 46
13 172
13 173
13 174
13 48
13 175
13 49
13 128
13 51
13 52
13 53
13 129
13 130
13 131
13 57
13 58
13 59
13 132
13 133
13 134
13 63
13 135
13 66
13 184
13 70
13 71
13 72
13 185
13 186
13 187
13 76
13 77
13 78
13 188
13 189
13 190
13 80
13 191
13 160
13 82
13 83
13 84
13 85
13 161
13 162
13 163
13 164
13 165
13 166
13 92
13 93
13 94
13 95
13 167
14 97
14 98
14 99
14 100
14 101
14 102
14 103
14 104
14 105
14 106
14 107
14 108
14 109
14 110
14 111
14 18
14 152
14 22
14 23
14 24
14 153
14 154
14 155
14 28
14 29
14 30
14 156
14 157
14 158
14 32
14 159
14 33
14 120
14 35
14 36
14 37
14 121
14 122
14 123
14 41
14 42
14 43
14 124
14 125
14 126
14 47
14 127
14 50
14 176
14 54
14 55
14 56
14 177
14 178
14 179
14 60
14 61
14 62
14 180
14 181
14 182
14 64
14 183
14 66
14 184
14 70
14 71
14 72
14 185
14 186
14 187
14 76
14 77
14 78
14 188
14 189
14 190
14 80
14 191
14 160
14 82
14 83
14 84
14 85
14 161
14 162
14 163
14 164
14 165
14 166
14 92
14 93
14 94
14 95
14 167
15 97
15 98
15 99
15 100
15 101
15 102
15 103
15 104
15 105
15 106
15 107
15 108
15 109
15 110
15 111
15 17
15 112
15 19
15 20
15 21
15 113
15 114
15 115
15 25
15 26
15 27
15 116
15 117
15 118
15 31
15 119
15 34
15 168
15 38
15 39
15 40
15 169
15 170
15 171
15 44
15 45
15 46
15 172
15 173
15 174
15 48
15 175
15 50
15 176
15 54
15 55
15 56
15 177
15 178
15 179
15 60
15 61
15 62
15 180
15 181
15 182
15 64
15 183
15 66
15 184
15 70
15 71
15 72
15 185
15 186
15 187
15 76
15 77
15 78
15 188
15 189
15 190
15 80
15 191
15 160
15 82
15 83
15 84
15 85
15 161
15 162
15 163
15 164
15 165
15 166
15 92
15 93
15 94
15 95
15 167
16 97
16 98
16 99
16 100
16 101
16 102
16 103
16 104
16 105
16 106
16 107
16 108
16 109
16 110
16 111
16 18
16 152
16 22
16 23
16 24
16 153
16 154
16 155
16 28
16 29
16 30
16 156
16 157
16 158
16 32
16 159
16 34
16 168
16 38
16 39
16 40
16 169
16 170
16 171
16 44
16 45
16 46
16 172
16 173
16 174
16 48
16 175
16 50
16 176
16 54
16 55
16 56
16 177
16 178
16 179
16 60
16 61
16 62
16 180
16 181
16 182
16 64
16 183
16 66
16 184
16 70
16 71
16 72
16 185
16 186
16 187
16 76
16 77
16 78
16 188
16 189
16 190
16 80
16 191
16 81
16 144
16 145
16 146
16 147
16 86
16 87
16 88
16 89
16 90
16 91
16 148
16 149
16 150
16 151
16 96
17 192
17 98
17 99
17 100
17 193
17 194
17 195
17 104
17 105
17 106
17 196
17 197
17 198
17 110
17 199
17 200
17 201
17 202
17 203
17 204
17 205
17 206
17 207
17 33
17 120
17 34
17 36
17 37
17 168
17 122
17 123
17 39
17 40
17 43
17 170
17 171
17 126
17 46
17 174
17 49
17 128
17 50
17 52
17 53
17 176
17 130
17 131
17 55
17 56
17 59
17 178
17 179
17 134
17 62
17 182
17 65
17 136
17 66
17 68
17 69
17 184
17 138
17 139
17 71
17 72
17 75
17 186
17 187
17 142
17 78
17 190
17 81
17 160
17 145
17 146
17 147
17 83
17 84
17 85
17 89
17 90
17 91
17 164
17 165
17 166
17 151
17 95
18 192
18 98
18 99
18 100
18 193
18 194
18 195
18 104
18 105
18 106
18 196
18 197
18 198
18 110
18 199
18 208
18 209
18 210
18 211
18 212
18 213
18 214
18 215
18 33
18 120
18 34
18 36
18 37
18 168
18 122
18 123
18 39
18 40
18 43
18 170
18 171
18 126
18 46
18 174
18 49
18 128
18 50
18 52
18 53
18 176
18 130
18 131
18 55
18 56
18 59
18 178
18 179
18 134
18 62
18 182
18 65
18 136
18 66
18 68
18 69
18 184
18 138
18 139
18 71
18 72
18 75
18 186
18 187
18 142
18 78
18 190
18 144
18 82
18 86
18 87
18 88
18 161
18 162
18 163
18 148
18 149
18 150
18 92
18 93
18 94
18 96
18 167
19 192
19 98
19 99
19 100
19 193
19 194
19 195
19 104
19 105
19 106
19 196
19 197
19 198
19 110
19 199
19 200
19 201
19 202
19 203
19 204
19 205
19 206
19 207
19 35
19 121
19 38
19 41
19 42
19 169
19 124
19 125
19 44
19 45
19 47
19 172
19 173
19 127
19 48
19 175
19 49
19 128
19 50
19 52
19 53
19 176
19 130
19 131
19 55
19 56
19 59
19 178
19 179
19 134
19 62
19 182
19 65
19 136
19 66
19 68
19 69
19 184
19 138
19 139
19 71
19 72
19 75
19 186
19 187
19 142
19 78
19 190
19 144
19 82
19 86
19 87
19 88
19 161
19 162
19 163
19 148
19 149
19 150
19 92
19 93
19 94
19 96
19 167
20 192
20 98
20 99
20 100
20 193
20 194
20 195
20 104
20 105
20 106
20 196
20 197
20 198
20 110
20 199
20 200
20 201
20 202
20 203
20 204
20 205
20 206
20 207
20 33
20 120
20 34
20 36
20 37
20 168
20 122
20 123
20 39
20 40
20 43
20 170
20 171
20 126
20 46
20 174
20 51
20 129
20 54
20 57
20 58
20 177
20 132
20 133
20 60
20 61
20 63
20 180
20 181
20 135
20 64
20 183
20 65
20 136
20 66
20 68
20 69
20 184
20 138
20 139
20 71
20 72
20 75
20 186
20 187
20 142
20 78
20 190
20 144
20 82
20 86
20 87
20 88
20 161
20 162
20 163
20 148
20 149
20 150
20 92
20 93
20 94
20 96
20 167
21 192
21 98
21 99
21 100
21 193
21 194
21 195
21 104
21 105
21 106
21 196
21 197
21 198
21 110
21 199
21 200
21 201
21 202
21 203
21 204
21 205
21 206
21 207
21 33
21 120
21 34
21 36
21 37
21 168
21 122
21 123
21 39
21 40
21 43
21 170
21 171
21 126
21 46
21 174
21 49
21 128
21 50
21 52
21 53
21 176
21 130
21 131
21 55
21 56
21 59
21 178
21 179
21 134
21 62
21 182
21 67
21 137
21 70
21 73
21 74
21 185
21 140
21 141
21 76
21 77
21 79
21 188
21 189
21 143
21 80
21 191
21 144
21 82
21 86
21 87
21 88
21 161
21 162
21 163
21 148
21 149
21 150
21 92
21 93
21 94
21 96
21 167
22 192
22 98
22 99
22 100
22 193
22 194
22 195
22 104
22 105
22 106
22 196
22 197
22 198
22 110
22 199
22 208
22 209
22 210
22 211
22 212
22 213
22 214
22 215
22 35
22 121
22 38
22 41
22 42
22 169
22 124
22 125
22 44
22 45
22 47
22 172
22 173
22 127
22 48
22 175
22 49
22 128
22 50
22 52
22 53
22 176
22 130
22 131
22 55
22 56
22 59
22 178
22 179
22 134
22 62
22 182
22 65
22 136
22 66
22 68
22 69
22 184
22 138
22 139
22 71
22 72
22 75
22 186
22 187
22 142
22 78
22 190
22 81
22 160
22 145
22 146
22 147
22 83
22 84
22 85
22 89
22 90
22 91
22 164
22 165
22 166
22 151
22 95
23 192
23 98
23 99
23 100
23 193
23 194
23 195
23 104
23 105
23 106
23 196
23 197
23 198
23 110
23 199
23 208
23 209
23 210
23 211
23 212
23 213
23 214
23 215
23 33
23 120
23 34
23 36
23 37
23 168
23 122
23 123
23 39
23 40
23 43
23 170
23 171
23 126
23 46
23 174
23 51
23 129
23 54
23 57
23 58
23 177
23 132
23 133
23 60
23 61
23 63
23 180
23 181
23 135
23 64
23 183
23 65
23 136
23 66
23 68
23 69
23 184
23 138
23 139
23 71
23 72
23 75
23 186
23 187
23 142
23 78
23 190
23 81
23 160
23 145
23 146
23 147
23 83
23 84
23 85
23 89
23 90
23 91
23 164
23 165
23 166
23 151
23 95
24 192
24 98
24 99
24 100
24 193
24 194
24 195
24 104
24 105
24 106
24 196
24 197
24 198
24 110
24 199
24 208
24 209
24 210
24 211
24 212
24 213
24 214
24 215
24 33
24 120
24 34
24 36
24 37
24 168
24 122
24 123
24 39
24 40
24 43
24 170
24 171
24 126
24 46
24 174
24 49
24 128
24 50
24 52
24 53
24 176
24 130
24 131
24 55
24 56
24 59
24 178
24 179
24 134
24 62
24 182
24 67
24 137
24 70
24 73
24 74
24 185
24 140
24 141
24 76
24 77
24 79
24 188
24 189
24 143
24 80
24 191
24 81
24 160
24 145
24 146
24 147
24 83
24 84
24 85
24 89
24 90
24 91
24 164
24 165
24 166
24 151
24 95
25 192
25 98
25 99
25 100
25 193
25 194
25 195
25 104
25 105
25 106
25 196
25 197
25 198
25 110
25 199
25 200
25 201
25 202
25 203
25 204
25 205
25 206
25 207
25 35
25 121
25 38
25 41
25 42
25 169
25 124
25 125
25 44
25 45
25 47
25 172
25 173
25 127
25 48
25 175
25 51
25 129
25 54
25 57
25 58
25 177
25 132
25 133
25 60
25 61
25 63
25 180
25 181
25 135
25 64
25 183
25 65
25 136
25 66
25 68
25 69
25 184
25 138
25 139
25 71
25 72
25 75
25 186
25 187
25 142
25 78
25 190
25 81
25 160
25 145
25 146
25 147
25 83
25 84
25 85
25 89
25 90
25 91
25 164
25 165
25 166
25 151
25 95
26 192
26 98
26 99
26 100
26 193
26 194
26 195
26 104
26 105
26 106
26 196
26 197
26 198
26 110
26 199
26 200
26 201
26 202
26 203
26 204
26 205
26 206
26 207
26 35
26 121
26 38
26 41
26 42
26 169
26 124
26 125
26 44
26 45
26 47
26 172
26 173
26 127
26 48
26 175
26 49
26 128
26 50
26 52
26 53
26 176
26 130
26 131
26 55
26 56
26 59
26 178
26 179
26 134
26 62
26 182
26 67
26 137
26 70
26 73
26 74
26 185
26 140
26 141
26 76
26 77
26 79
26 188
26 189
26 143
26 80
26 191
26 81
26 160
26 145
26 146
26 147
26 83
26 84
26 85
26 89
26 90
26 91
26 164
26 165
26 166
26 151
26 95
27 192
27 98
27 99
27 100
27 193
27 194
27 195
27 104
27 105
27 106
27 196
27 197
27 198
27 110
27 199
27 200
27 201
27 202
27 203
27 204
27 205
27 206
27 207
27 33
27 120
27 34
27 36
27 37
27 168
27 122
27 123
27 39
27 40
27 43
27 170
27 171
27 126
27 46
27 174
27 51
27 129
27 54
27 57
27 58
27 177
27 132
27 133
27 60
27 61
27 63
27 180
27 181
27 135
27 64
27 183
27 67
27 137
27 70
27 73
27 74
27 185
27 140
27 141
27 76
27 77
27 79
27 188
27 189
27 143
27 80
27 191
27 81
27 160
27 145
27 146
27 147
27 83
27 84
27 85
27 89
27 90
27 91
27 164
27 165
27 166
27 151
27 95
28 192
28 98
28 99
28 100
28 193
28 194
28 195
28 104
28 105
28 106
28 196
28 197
28 198
28 110
28 199
28 208
28 209
28 210
28 211
28 212
28 213
28 214
28 215
28 35
28 121
28 38
28 41
28 42
28 169
28 124
28 125
28 44
28 45
28 47
28 172
28 173
28 127
28 48
28 175
28 51
28 129
28 54
28 57
28 58
28 177
28 132
28 133
28 60
28 61
28 63
28 180
28 181
28 135
28 64
28 183
28 65
28 136
28 66
28 68
28 69
28 184
28 138
28 139
28 71
28 72
28 75
28 186
28 187
28 142
28 78
28 190
28 144
28 82
28 86
28 87
28 88
28 161
28 162
28 163
28 148
28 149
28 150
28 92
28 93
28 94
28 96
28 167
29 192
29 98
29 99
29 100
29 193
29 194
29 195
29 104
29 105
29 106
29 196
29 197
29 198
29 110
29 199
29 208
29 209
29 210
29 211
29 212
29 213
29 214
29 215
29 35
29 121
29 38
29 41
29 42
29 169
29 124
29 125
29 44
29 45
29 47
29 172
29 173
29 127
29 48
29 175
29 49
29 128
29 50
29 52
29 53
29 176
29 130
29 131
29 55
29 56
29 59
29 178
29 179
29 134
29 62
29 182
29 67
29 137
29 70
29 73
29 74
29 185
29 140
29 141
29 76
29 77
29 79
29 188
29 189
29 143
29 80
29 191
29 144
29 82
29 86
29 87
29 88
29 161
29 162
29 163
29 148
29 149
29 150
29 92
29 93
29 94
29 96
29 167
30 192
30 98
30 99
30 100
30 193
30 194
30 195
30 104
30 105
30 106
30 196
30 197
30 198
30 110
30 199
30 208
30 209
30 210
30 211
30 212
30 213
30 214
30 215
30 33
30 120
30 34
30 36
30 37
30 168
30 122
30 123
30 39
30 40
30 43
30 170
30 171
30 126
30 46
30 174
30 51
30 129
30 54
30 57
30 58
30 177
30 132
30 133
30 60
30 61
30 63
30 180
30 181
30 135
30 64
30 183
30 67
30 137
30 70
30 73
30 74
30 185
30 140
30 141
30 76
30 77
30 79
30 188
30 189
30 143
30 80
30 191
30 144
30 82
30 86
30 87
30 88
30 161
30 162
30 163
30 148
30 149
30 150
30 92
30 93
30 94
30 96
30 167
31 192
31 98
31 99
31 100
31 193
31 194
31 195
31 104
31 105
31 106
31 196
31 197
31 198
31 110
31 199
31 200
31 201
31 202
31 203
31 204
31 205
31 206
31 207
31 35
31 121
31 38
31 41
31 42
31 169
31 124
31 125
31 44
31 45
31 47
31 172
31 173
31 127
31 48
31 175
31 51
31 129
31 54
31 57
31 58
31 177
31 132
31 133
31 60
31 61
31 63
31 180
31 181
31 135
31 64
31 183
31 67
31 137
31 70
31 73
31 74
31 185
31 140
31 141
31 76
31 77
31 79
31 188
31 189
31 143
31 80
31 191
31 144
31 82
31 86
31 87
31 88
31 161
31 162
31 163
31 148
31 149
31 150
31 92
31 93
31 94
31 96
31 167
32 192
32 98
32 99
32 100
32 193
32 194
32 195
32 104
32 105
32 106
32 196
32 197
32 198
32 110
32 199
32 208
32 209
32 210
32 211
32 212
32 213
32 214
32 215
32 35
32 121
32 38
32 41
32 42
32 169
32 124
32 125
32 44
32 45
32 47
32 172
32 173
32 127
32 48
32 175
32 51
32 129
32 54
32 57
32 58
32 177
32 132
32 133
32 60
32 61
32 63
32 180
32 181
32 135
32 64
32 183
32 67
32 137
32 70
32 73
32 74
32 185
32 140
32 141
32 76
32 77
32 79
32 188
32 189
32 143
32 80
32 191
32 81
32 160
32 145
32 146
32 147
32 83
32 84
32 85
32 89
32 90
32 91
32 164
32 165
32 166
32 151
32 95
33 192
33 97
33 99
33 100
33 216
33 194
33 195
33 102
33 103
33 106
33 217
33 218
33 198
33 109
33 219
33 200
33 208
33 202
33 203
33 210
33 211
33 206
33 214
33 112
33 152
33 114
33 115
33 154
33 155
33 118
33 158
33 49
33 128
33 50
33 51
33 53
33 176
33 129
33 131
33 54
33 56
33 58
33 177
33 179
33 133
33 61
33 181
33 65
33 136
33 66
33 67
33 69
33 184
33 137
33 139
33 70
33 72
33 74
33 185
33 187
33 141
33 77
33 189
33 81
33 160
33 144
33 146
33 147
33 82
33 84
33 85
33 87
33 88
33 91
33 162
33 163
33 166
33 150
33 94
34 192
34 97
34 99
34 100
34 216
34 194
34 195
34 102
34 103
34 106
34 217
34 218
34 198
34 109
34 219
34 201
34 209
34 204
34 205
34 212
34 213
34 207
34 215
34 112
34 152
34 114
34 115
34 154
34 155
34 118
34 158
34 49
34 128
34 50
34 51
34 53
34 176
34 129
34 131
34 54
34 56
34 58
34 177
34 179
34 133
34 61
34 181
34 65
34 136
34 66
34 67
34 69
34 184
34 137
34 139
34 70
34 72
34 74
34 185
34 187
34 141
34 77
34 189
34 145
34 83
34 86
34 89
34 90
34 161
34 164
34 165
34 148
34 149
34 151
34 92
34 93
34 95
34 96
34 167
35 192
35 97
35 99
35 100
35 216
35 194
35 195
35 102
35 103
35 106
35 217
35 218
35 198
35 109
35 219
35 200
35 208
35 202
35 203
35 210
35 211
35 206
35 214
35 113
35 153
35 116
35 117
35 156
35 157
35 119
35 159
35 49
35 128
35 50
35 51
35 53
35 176
35 129
35 131
35 54
35 56
35 58
35 177
35 179
35 133
35 61
35 181
35 65
35 136
35 66
35 67
35 69
35 184
35 137
35 139
35 70
35 72
35 74
35 185
35 187
35 141
35 77
35 189
35 145
35 83
35 86
35 89
35 90
35 161
35 164
35 165
35 148
35 149
35 151
35 92
35 93
35 95
35 96
35 167
36 192
36 97
36 99
36 100
36 216
36 194
36 195
36 102
36 103
36 106
36 217
36 218
36 198
36 109
36 219
36 200
36 208
36 202
36 203
36 210
36 211
36 206
36 214
36 112
36 152
36 114
36 115
36 154
36 155
36 118
36 158
36 52
36 130
36 55
36 57
36 59
36 178
36 132
36 134
36 60
36 62
36 63
36 180
36 182
36 135
36 64
36 183
36 65
36 136
36 66
36 67
36 69
36 184
36 137
36 139
36 70
36 72
36 74
36 185
36 187
36 141
36 77
36 189
36 145
36 83
36 86
36 89
36 90
36 161
36 164
36 165
36 148
36 149
36 151
36 92
36 93
36 95
36 96
36 167
37 192
37 97
37 99
37 100
37 216
37 194
37 195
37 102
37 103
37 106
37 217
37 218
37 198
37 109
37 219
37 200
37 208
37 202
37 203
37 210
37 211
37 206
37 214
37 112
37 152
37 114
37 115
37 154
37 155
37 118
37 158
37 49
37 128
37 50
37 51
37 53
37 176
37 129
37 131
37 54
37 56
37 58
37 177
37 179
37 133
37 61
37 181
37 68
37 138
37 71
37 73
37 75
37 186
37 140
37 142
37 76
37 78
37 79
37 188
37 190
37 143
37 80
37 191
37 145
37 83
37 86
37 89
37 90
37 161
37 164
37 165
37 148
37 149
37 151
37 92
37 93
37 95
37 96
37 167
38 192
38 97
38 99
38 100
38 216
38 194
38 195
38 102
38 103
38 106
38 217
38 218
38 198
38 109
38 219
38 201
38 209
38 204
38 205
38 212
38 213
38 207
38 215
38 113
38 153
38 116
38 117
38 156
38 157
38 119
38 159
38 49
38 128
38 50
38 51
38 53
38 176
38 129
38 131
38 54
38 56
38 58
38 177
38 179
38 133
38 61
38 181
38 65
38 136
38 66
38 67
38 69
38 184
38 137
38 139
38 70
38 72
38 74
38 185
38 187
38 141
38 77
38 189
38 81
38 160
38 144
38 146
38 147
38 82
38 84
38 85
38 87
38 88
38 91
38 162
38 163
38 166
38 150
38 94
39 192
39 97
39 99
39 100
39 216
39 194
39 195
39 102
39 103
39 106
39 217
39 218
39 198
39 109
39 219
39 201
39 209
39 204
39 205
39 212
39 213
39 207
39 215
39 112
39 152
39 114
39 115
39 154
39 155
39 118
39 158
39 52
39 130
39 55
39 57
39 59
39 178
39 132
39 134
39 60
39 62
39 63
39 180
39 182
39 135
39 64
39 183
39 65
39 136
39 66
39 67
39 69
39 184
39 137
39 139
39 70
39 72
39 74
39 185
39 187
39 141
39 77
39 189
39 81
39 160
39 144
39 146
39 147
39 82
39 84
39 85
39 87
39 88
39 91
39 162
39 163
39 166
39 150
39 94
40 192
40 97
40 99
40 100
40 216
40 194
40 195
40 102
40 103
40 106
40 217
40 218
40 198
40 109
40 219
40 201
40 209
40 204
40 205
40 212
40 213
40 207
40 215
40 112
40 152
40 114
40 115
40 154
40 155
40 118
40 158
40 49
40 128
40 50
40 51
40 53
40 176
40 129
40 131
40 54
40 56
40 58
40 177
40 179
40 133
40 61
40 181
40 68
40 138
40 71
40 73
40 75
40 186
40 140
40 142
40 76
40 78
40 79
40 188
40 190
40 143
40 80
40 191
40 81
40 160
40 144
40 146
40 147
40 82
40 84
40 85
40 87
40 88
40 91
40 162
40 163
40 166
40 150
40 94
41 192
41 97
41 99
41 100
41 216
41 194
41 195
41 102
41 103
41 106
41 217
41 218
41 198
41 109
41 219
41 200
41 208
41 202
41 203
41 210
41 211
41 206
41 214
41 113
41 153
41 116
41 117
41 156
41 157
41 119
41 159
41 52
41 130
41 55
41 57
41 59
41 178
41 132
41 134
41 60
41 62
41 63
41 180
41 182
41 135
41 64
41 183
41 65
41 136
41 66
41 67
41 69
41 184
41 137
41 139
41 70
41 72
41 74
41 185
41 187
41 141
41 77
41 189
41 81
41 160
41 144
41 146
41 147
41 82
41 84
41 85
41 87
41 88
41 91
41 162
41 163
41 166
41 150
41 94
42 192
42 97
42 99
42 100
42 216
42 194
42 195
42 102
42 103
42 106
42 217
42 218
42 198
42 109
42 219
42 200
42 208
42 202
42 203
42 210
42 211
42 206
42 214
42 113
42 153
42 116
42 117
42 156
42 157
42 119
42 159
42 49
42 128
42 50
42 51
42 53
42 176
42 129
42 131
42 54
42 56
42 58
42 177
42 179
42 133
42 61
42 181
42 68
42 138
42 71
42 73
42 75
42 186
42 140
42 142
42 76
42 78
42 79
42 188
42 190
42 143
42 80
42 191
42 81
42 160
42 144
42 146
42 147
42 82
42 84
42 85
42 87
42 88
42 91
42 162
42 163
42 166
42 150
42 94
43 192
43 97
43 99
43 100
43 216
43 194
43 195
43 102
43 103
43 106
43 217
43 218
43 198
43 109
43 219
43 200
43 208
43 202
43 203
43 210
43 211
43 206
43 214
43 112
43 152
43 114
43 115
43 154
43 155
43 118
43 158
43 52
43 130
43 55
43 57
43 59
43 178
43 132
43 134
43 60
43 62
43 63
43 180
43 182
43 135
43 64
43 183
43 68
43 138
43 71
43 73
43 75
43 186
43 140
43 142
43 76
43 78
43 79
43 188
43 190
43 143
43 80
43 191
43 81
43 160
43 144
43 146
43 147
43 82
43 84
43 85
43 87
43 88
43 91
43 162
43 163
43 166
43 150
43 94
44 192
44 97
44 99
44 100
44 216
44 194
44 195
44 102
44 103
44 106
44 217
44 218
44 198
44 109
44 219
44 201
44 209
44 204
44 205
44 212
44 213
44 207
44 215
44 113
44 153
44 116
44 117
44 156
44 157
44 119
44 159
44 52
44 130
44 55
44 57
44 59
44 178
44 132
44 134
44 60
44 62
44 63
44 180
44 182
44 135
44 64
44 183
44 65
44 136
44 66
44 67
44 69
44 184
44 137
44 139
44 70
44 72
44 74
44 185
44 187
44 141
44 77
44 189
44 145
44 83
44 86
44 89
44 90
44 161
44 164
44 165
44 148
44 149
44 151
44 92
44 93
44 95
44 96
44 167
45 192
45 97
45 99
45 100
45 216
45 194
45 195
45 102
45 103
45 106
45 217
45 218
45 198
45 109
45 219
45 201
45 209
45 204
45 205
45 212
45 213
45 207
45 215
45 113
45 153
45 116
45 117
45 156
45 157
45 119
45 159
45 49
45 128
45 50
45 51
45 53
45 176
45 129
45 131
45 54
45 56
45 58
45 177
45 179
45 133
45 61
45 181
45 68
45 138
45 71
45 73
45 75
45 186
45 140
45 142
45 76
45 78
45 79
45 188
45 190
45 143
45 80
45 191
45 145
45 83
45 86
45 89
45 90
45 161
45 164
45 165
45 148
45 149
45 151
45 92
45 93
45 95
45 96
45 167
46 192
46 97
46 99
46 100
46 216
46 194
46 195
46 102
46 103
46 106
46 217
46 218
46 198
46 109
46 219
46 201
46 209
46 204
46 205
46 212
46 213
46 207
46 215
46 112
46 152
46 114
46 115
46 154
46 155
46 118
46 158
46 52
46 130
46 55
46 57
46 59
46 178
46 132
46 134
46 60
46 62
46 63
46 180
46 182
46 135
46 64
46 183
46 68
46 138
46 71
46 73
46 75
46 186
46 140
46 142
46 76
46 78
46 79
46 188
46 190
46 143
46 80
46 191
46 145
46 83
46 86
46 89
46 90
46 161
46 164
46 165
46 148
46 149
46 151
46 92
46 93
46 95
46 96
46 167
47 192
47 97
47 99
47 100
47 216
47 194
47 195
47 102
47 103
47 106
47 217
47 218
47 198
47 109
47 219
47 200
47 208
47 202
47 203
47 210
47 211
47 206
47 214
47 113
47 153
47 116
47 117
47 156
47 157
47 119
47 159
47 52
47 130
47 55
47 57
47 59
47 178
47 132
47 134
47 60
47 62
47 63
47 180
47 182
47 135
47 64
47 183
47 68
47 138
47 71
47 73
47 75
47 186
47 140
47 142
47 76
47 78
47 79
47 188
47 190
47 143
47 80
47 191
47 145
47 83
47 86
47 89
47 90
47 161
47 164
47 165
47 148
47 149
47 151
47 92
47 93
47 95
47 96
47 167
48 192
48 97
48 99
48 100
48 216
48 194
48 195
48 102
48 103
48 106
48 217
48 218
48 198
48 109
48 219
48 201
48 209
48 204
48 205
48 212
48 213
48 207
48 215
48 113
48 153
48 116
48 117
48 156
48 157
48 119
48 159
48 52
48 130
48 55
48 57
48 59
48 178
48 132
48 134
48 60
48 62
48 63
48 180
48 182
48 135
48 64
48 183
48 68
48 138
48 71
48 73
48 75
48 186
48 140
48 142
48 76
48 78
48 79
48 188
48 190
48 143
48 80
48 191
48 81
48 160
48 144
48 146
48 147
48 82
48 84
48 85
48 87
48 88
48 91
48 162
48 163
48 166
48 150
48 94
49 192
49 97
49 98
49 100
49 216
49 193
49 195
49 101
49 103
49 105
49 220
49 218
49 197
49 108
49 221
49 200
49 208
49 201
49 203
49 209
49 211
49 205
49 213
49 112
49 152
49 113
49 115
49 153
49 155
49 117
49 157
49 120
49 168
49 121
49 123
49 169
49 171
49 125
49 173
49 65
49 136
49 66
49 67
49 68
49 184
49 137
49 138
49 70
49 71
49 73
49 185
49 186
49 140
49 76
49 188
49 81
49 160
49 144
49 145
49 147
49 82
49 83
49 85
49 86
49 88
49 90
49 161
49 163
49 165
49 149
49 93
50 192
50 97
50 98
50 100
50 216
50 193
50 195
50 101
50 103
50 105
50 220
50 218
50 197
50 108
50 221
50 202
50 210
50 204
50 206
50 212
50 214
50 207
50 215
50 112
50 152
50 113
50 115
50 153
50 155
50 117
50 157
50 120
50 168
50 121
50 123
50 169
50 171
50 125
50 173
50 65
50 136
50 66
50 67
50 68
50 184
50 137
50 138
50 70
50 71
50 73
50 185
50 186
50 140
50 76
50 188
50 146
50 84
50 87
50 89
50 91
50 162
50 164
50 166
50 148
50 150
50 151
50 92
50 94
50 95
50 96
50 167
51 192
51 97
51 98
51 100
51 216
51 193
51 195
51 101
51 103
51 105
51 220
51 218
51 197
51 108
51 221
51 200
51 208
51 201
51 203
51 209
51 211
51 205
51 213
51 114
51 154
51 116
51 118
51 156
51 158
51 119
51 159
51 120
51 168
51 121
51 123
51 169
51 171
51 125
51 173
51 65
51 136
51 66
51 67
51 68
51 184
51 137
51 138
51 70
51 71
51 73
51 185
51 186
51 140
51 76
51 188
51 146
51 84
51 87
51 89
51 91
51 162
51 164
51 166
51 148
51 150
51 151
51 92
51 94
51 95
51 96
51 167
52 192
52 97
52 98
52 100
52 216
52 193
52 195
52 101
52 103
52 105
52 220
52 218
52 197
52 108
52 221
52 200
52 208
52 201
52 203
52 209
52 211
52 205
52 213
52 112
52 152
52 113
52 115
52 153
52 155
52 117
52 157
52 122
52 170
52 124
52 126
52 172
52 174
52 127
52 175
52 65
52 136
52 66
52 67
52 68
52 184
52 137
52 138
52 70
52 71
52 73
52 185
52 186
52 140
52 76
52 188
52 146
52 84
52 87
52 89
52 91
52 162
52 164
52 166
52 148
52 150
52 151
52 92
52 94
52 95
52 96
52 167
53 192
53 97
53 98
53 100
53 216
53 193
53 195
53 101
53 103
53 105
53 220
53 218
53 197
53 108
53 221
53 200
53 208
53 201
53 203
53 209
53 211
53 205
53 213
53 112
53 152
53 113
53 115
53 153
53 155
53 117
53 157
53 120
53 168
53 121
53 123
53 169
53 171
53 125
53 173
53 69
53 139
53 72
53 74
53 75
53 187
53 141
53 142
53 77
53 78
53 79
53 189
53 190
53 143
53 80
53 191
53 146
53 84
53 87
53 89
53 91
53 162
53 164
53 166
53 148
53 150
53 151
53 92
53 94
53 95
53 96
53 167
54 192
54 97
54 98
54 100
54 216
54 193
54 195
54 101
54 103
54 105
54 220
54 218
54 197
54 108
54 221
54 202
54 210
54 204
54 206
54 212
54 214
54 207
54 215
54 114
54 154
54 116
54 118
54 156
54 158
54 119
54 159
54 120
54 168
54 121
54 123
54 169
54 171
54 125
54 173
54 65
54 136
54 66
54 67
54 68
54 184
54 137
54 138
54 70
54 71
54 73
54 185
54 186
54 140
54 76
54 188
54 81
54 160
54 144
54 145
54 147
54 82
54 83
54 85
54 86
54 88
54 90
54 161
54 163
54 165
54 149
54 93
55 192
55 97
55 98
55 100
55 216
55 193
55 195
55 101
55 103
55 105
55 220
55 218
55 197
55 108
55 221
55 202
55 210
55 204
55 206
55 212
55 214
55 207
55 215
55 112
55 152
55 113
55 115
55 153
55 155
55 117
55 157
55 122
55 170
55 124
55 126
55 172
55 174
55 127
55 175
55 65
55 136
55 66
55 67
55 68
55 184
55 137
55 138
55 70
55 71
55 73
55 185
55 186
55 140
55 76
55 188
55 81
55 160
55 144
55 145
55 147
55 82
55 83
55 85
55 86
55 88
55 90
55 161
55 163
55 165
55 149
55 93
56 192
56 97
56 98
56 100
56 216
56 193
56 195
56 101
56 103
56 105
56 220
56 218
56 197
56 108
56 221
56 202
56 210
56 204
56 206
56 212
56 214
56 207
56 215
56 112
56 152
56 113
56 115
56 153
56 155
56 117
56 157
56 120
56 168
56 121
56 123
56 169
56 171
56 125
56 173
56 69
56 139
56 72
56 74
56 75
56 187
56 141
56 142
56 77
56 78
56 79
56 189
56 190
56 143
56 80
56 191
56 81
56 160
56 144
56 145
56 147
56 82
56 83
56 85
56 86
56 88
56 90
56 161
56 163
56 165
56 149
56 93
57 192
57 97
57 98
57 100
57 216
57 193
57 195
57 101
57 103
57 105
57 220
57 218
57 197
57 108
57 221
57 200
57 208
57 201
57 203
57 209
57 211
57 205
57 213
57 114
57 154
57 116
57 118
57 156
57 158
57 119
57 159
57 122
57 170
57 124
57 126
57 172
57 174
57 127
57 175
57 65
57 136
57 66
57 67
57 68
57 184
57 137
57 138
57 70
57 71
57 73
57 185
57 186
57 140
57 76
57 188
57 81
57 160
57 144
57 145
57 147
57 82
57 83
57 85
57 86
57 88
57 90
57 161
57 163
57 165
57 149
57 93
58 192
58 97
58 98
58 100
58 216
58 193
58 195
58 101
58 103
58 105
58 220
58 218
58 197
58 108
58 221
58 200
58 208
58 201
58 203
58 209
58 211
58 205
58 213
58 114
58 154
58 116
58 118
58 156
58 158
58 119
58 159
58 120
58 168
58 121
58 123
58 169
58 171
58 125
58 173
58 69
58 139
58 72
58 74
58 75
58 187
58 141
58 142
58 77
58 78
58 79
58 189
58 190
58 143
58 80
58 191
58 81
58 160
58 144
58 145
58 147
58 82
58 83
58 85
58 86
58 88
58 90
58 161
58 163
58 165
58 149
58 93
59 192
59 97
59 98
59 100
59 216
59 193
59 195
59 101
59 103
59 105
59 220
59 218
59 197
59 108
59 221
59 200
59 208
59 201
59 203
59 209
59 211
59 205
59 213
59 112
59 152
59 113
59 115
59 153
59 155
59 117
59 157
59 122
59 170
59 124
59 126
59 172
59 174
59 127
59 175
59 69
59 139
59 72
59 74
59 75
59 187
59 141
59 142
59 77
59 78
59 79
59 189
59 190
59 143
59 80
59 191
59 81
59 160
59 144
59 145
59 147
59 82
59 83
59 85
59 86
59 88
59 90
59 161
59 163
59 165
59 149
59 93
60 192
60 97
60 98
60 100
60 216
60 193
60 195
60 101
60 103
60 105
60 220
60 218
60 197
60 108
60 221
60 202
60 210
60 204
60 206
60 212
60 214
60 207
60 215
60 114
60 154
60 116
60 118
60 156
60 158
60 119
60 159
60 122
60 170
60 124
60 126
60 172
60 174
60 127
60 175
60 65
60 136
60 66
60 67
60 68
60 184
60 137
60 138
60 70
60 71
60 73
60 185
60 186
60 140
60 76
60 188
60 146
60 84
60 87
60 89
60 91
60 162
60 164
60 166
60 148
60 150
60 151
60 92
60 94
60 95
60 96
60 167
61 192
61 97
61 98
61 100
61 216
61 193
61 195
61 101
61 103
61 105
61 220
61 218
61 197
61 108
61 221
61 202
61 210
61 204
61 206
61 212
61 214
61 207
61 215
61 114
61 154
61 116
61 118
61 156
61 158
61 119
61 159
61 120
61 168
61 121
61 123
61 169
61 171
61 125
61 173
61 69
61 139
61 72
61 74
61 75
61 187
61 141
61 142
61 77
61 78
61 79
61 189
61 190
61 143
61 80
61 191
61 146
61 84
61 87
61 89
61 91
61 162
61 164
61 166
61 148
61 150
61 151
61 92
61 94
61 95
61 96
61 167
62 192
62 97
62 98
62 100
62 216
62 193
62 195
62 101
62 103
62 105
62 220
62 218
62 197
62 108
62 221
62 202
62 210
62 204
62 206
62 212
62 214
62 207
62 215
62 112
62 152
62 113
62 115
62 153
62 155
62 117
62 157
62 122
62 170
62 124
62 126
62 172
62 174
62 127
62 175
62 69
62 139
62 72
62 74
62 75
62 187
62 141
62 142
62 77
62 78
62 79
62 189
62 190
62 143
62 80
62 191
62 146
62 84
62 87
62 89
62 91
62 162
62 164
62 166
62 148
62 150
62 151
62 92
62 94
62 95
62 96
62 167
63 192
63 97
63 98
63 100
63 216
63 193
63 195
63 101
63 103
63 105
63 220
63 218
63 197
63 108
63 221
63 200
63 208
63 201
63 203
63 209
63 211
63 205
63 213
63 114
63 154
63 116
63 118
63 156
63 158
63 119
63 159
63 122
63 170
63 124
63 126
63 172
63 174
63 127
63 175
63 69
63 139
63 72
63 74
63 75
63 187
63 141
63 142
63 77
63 78
63 79
63 189
63 190
63 143
63 80
63 191
63 146
63 84
63 87
63 89
63 91
63 162
63 164
63 166
63 148
63 150
63 151
63 92
63 94
63 95
63 96
63 167
64 192
64 97
64 98
64 100
64 216
64 193
64 195
64 101
64 103
64 105
64 220
64 218
64 197
64 108
64 221
64 202
64 210
64 204
64 206
64 212
64 214
64 207
64 215
64 114
64 154
64 116
64 118
64 156
64 158
64 119
64 159
64 122
64 170
64 124
64 126
64 172
64 174
64 127
64 175
64 69
64 139
64 72
64 74
64 75
64 187
64 141
64 142
64 77
64 78
64 79
64 189
64 190
64 143
64 80
64 191
64 81
64 160
64 144
64 145
64 147
64 82
64 83
64 85
64 86
64 88
64 90
64 161
64 163
64 165
64 149
64 93
65 192
65 97
65 98
65 99
65 216
65 193
65 194
65 101
65 102
65 104
65 220
65 217
65 196
65 107
65 222
65 200
65 208
65 201
65 202
65 209
65 210
65 204
65 212
65 112
65 152
65 113
65 114
65 153
65 154
65 116
65 156
65 120
65 168
65 121
65 122
65 169
65 170
65 124
65 172
65 128
65 176
65 129
65 130
65 177
65 178
65 132
65 180
65 81
65 160
65 144
65 145
65 146
65 82
65 83
65 84
65 86
65 87
65 89
65 161
65 162
65 164
65 148
65 92
66 192
66 97
66 98
66 99
66 216
66 193
66 194
66 101
66 102
66 104
66 220
66 217
66 196
66 107
66 222
66 203
66 211
66 205
66 206
66 213
66 214
66 207
66 215
66 112
66 152
66 113
66 114
66 153
66 154
66 116
66 156
66 120
66 168
66 121
66 122
66 169
66 170
66 124
66 172
66 128
66 176
66 129
66 130
66 177
66 178
66 132
66 180
66 147
66 85
66 88
66 90
66 91
66 163
66 165
66 166
66 149
66 150
66 151
66 93
66 94
66 95
66 96
66 167
67 192
67 97
67 98
67 99
67 216
67 193
67 194
67 101
67 102
67 104
67 220
67 217
67 196
67 107
67 222
67 200
67 208
67 201
67 202
67 209
67 210
67 204
67 212
67 115
67 155
67 117
67 118
67 157
67 158
67 119
67 159
67 120
67 168
67 121
67 122
67 169
67 170
67 124
67 172
67 128
67 176
67 129
67 130
67 177
67 178
67 132
67 180
67 147
67 85
67 88
67 90
67 91
67 163
67 165
67 166
67 149
67 150
67 151
67 93
67 94
67 95
67 96
67 167
68 192
68 97
68 98
68 99
68 216
68 193
68 194
68 101
68 102
68 104
68 220
68 217
68 196
68 107
68 222
68 200
68 208
68 201
68 202
68 209
68 210
68 204
68 212
68 112
68 152
68 113
68 114
68 153
68 154
68 116
68 156
68 123
68 171
68 125
68 126
68 173
68 174
68 127
68 175
68 128
68 176
68 129
68 130
68 177
68 178
68 132
68 180
68 147
68 85
68 88
68 90
68 91
68 163
68 165
68 166
68 149
68 150
68 151
68 93
68 94
68 95
68 96
68 167
69 192
69 97
69 98
69 99
69 216
69 193
69 194
69 101
69 102
69 104
69 220
69 217
69 196
69 107
69 222
69 200
69 208
69 201
69 202
69 209
69 210
69 204
69 212
69 112
69 152
69 113
69 114
69 153
69 154
69 116
69 156
69 120
69 168
69 121
69 122
69 169
69 170
69 124
69 172
69 131
69 179
69 133
69 134
69 181
69 182
69 135
69 183
69 147
69 85
69 88
69 90
69 91
69 163
69 165
69 166
69 149
69 150
69 151
69 93
69 94
69 95
69 96
69 167
70 192
70 97
70 98
70 99
70 216
70 193
70 194
70 101
70 102
70 104
70 220
70 217
70 196
70 107
70 222
70 203
70 211
70 205
70 206
70 213
70 214
70 207
70 215
70 115
70 155
70 117
70 118
70 157
70 158
70 119
70 159
70 120
70 168
70 121
70 122
70 169
70 170
70 124
70 172
70 128
70 176
70 129
70 130
70 177
70 178
70 132
70 180
70 81
70 160
70 144
70 145
70 146
70 82
70 83
70 84
70 86
70 87
70 89
70 161
70 162
70 164
70 148
70 92
71 192
71 97
71 98
71 99
71 216
71 193
71 194
71 101
71 102
71 104
71 220
71 217
71 196
71 107
71 222
71 203
71 211
71 205
71 206
71 213
71 214
71 207
71 215
71 112
71 152
71 113
71 114
71 153
71 154
71 116
71 156
71 123
71 171
71 125
71 126
71 173
71 174
71 127
71 175
71 128
71 176
71 129
71 130
71 177
71 178
71 132
71 180
71 81
71 160
71 144
71 145
71 146
71 82
71 83
71 84
71 86
71 87
71 89
71 161
71 162
71 164
71 148
71 92
72 192
72 97
72 98
72 99
72 216
72 193
72 194
72 101
72 102
72 104
72 220
72 217
72 196
72 107
72 222
72 203
72 211
72 205
72 206
72 213
72 214
72 207
72 215
72 112
72 152
72 113
72 114
72 153
72 154
72 116
72 156
72 120
72 168
72 121
72 122
72 169
72 170
72 124
72 172
72 131
72 179
72 133
72 134
72 181
72 182
72 135
72 183
72 81
72 160
72 144
72 145
72 146
72 82
72 83
72 84
72 86
72 87
72 89
72 161
72 162
72 164
72 148
72 92
73 192
73 97
73 98
73 99
73 216
73 193
73 194
73 101
73 102
73 104
73 220
73 217
73 196
73 107
73 222
73 200
73 208
73 201
73 202
73 209
73 210
73 204
73 212
73 115
73 155
73 117
73 118
73 157
73 158
73 119
73 159
73 123
73 171
73 125
73 126
73 173
73 174
73 127
73 175
73 128
73 176
73 129
73 130
73 177
73 178
73 132
73 180
73 81
73 160
73 144
73 145
73 146
73 82
73 83
73 84
73 86
73 87
73 89
73 161
73 162
73 164
73 148
73 92
74 192
74 97
74 98
74 99
74 216
74 193
74 194
74 101
74 102
74 104
74 220
74 217
74 196
74 107
74 222
74 200
74 208
74 201
74 202
74 209
74 210
74 204
74 212
74 115
74 155
74 117
74 118
74 157
74 158
74 119
74 159
74 120
74 168
74 121
74 122
74 169
74 170
74 124
74 172
74 131
74 179
74 133
74 134
74 181
74 182
74 135
74 183
74 81
74 160
74 144
74 145
74 146
74 82
74 83
74 84
74 86
74 87
74 89
74 161
74 162
74 164
74 148
74 92
75 192
75 97
75 98
75 99
75 216
75 193
75 194
75 101
75 102
75 104
75 220
75 217
75 196
75 107
75 222
75 200
75 208
75 201
75 202
75 209
75 210
75 204
75 212
75 112
75 152
75 113
75 114
75 153
75 154
75 116
75 156
75 123
75 171
75 125
75 126
75 173
75 174
75 127
75 175
75 131
75 179
75 133
75 134
75 181
75 182
75 135
75 183
75 81
75 160
75 144
75 145
75 146
75 82
75 83
75 84
75 86
75 87
75 89
75 161
75 162
75 164
75 148
75 92
76 192
76 97
76 98
76 99
76 216
76 193
76 194
76 101
76 102
76 104
76 220
76 217
76 196
76 107
76 222
76 203
76 211
76 205
76 206
76 213
76 214
76 207
76 215
76 115
76 155
76 117
76 118
76 157
76 158
76 119
76 159
76 123
76 171
76 125
76 126
76 173
76 174
76 127
76 175
76 128
76 176
76 129
76 130
76 177
76 178
76 132
76 180
76 147
76 85
76 88
76 90
76 91
76 163
76 165
76 166
76 149
76 150
76 151
76 93
76 94
76 95
76 96
76 167
77 192
77 97
77 98
77 99
77 216
77 193
77 194
77 101
77 102
77 104
77 220
77 217
77 196
77 107
77 222
77 203
77 211
77 205
77 206
77 213
77 214
77 207
77 215
77 115
77 155
77 117
77 118
77 157
77 158
77 119
77 159
77 120
77 168
77 121
77 122
77 169
77 170
77 124
77 172
77 131
77 179
77 133
77 134
77 181
77 182
77 135
77 183
77 147
77 85
77 88
77 90
77 91
77 163
77 165
77 166
77 149
77 150
77 151
77 93
77 94
77 95
77 96
77 167
78 192
78 97
78 98
78 99
78 216
78 193
78 194
78 101
78 102
78 104
78 220
78 217
78 196
78 107
78 222
78 203
78 211
78 205
78 206
78 213
78 214
78 207
78 215
78 112
78 152
78 113
78 114
78 153
78 154
78 116
78 156
78 123
78 171
78 125
78 126
78 173
78 174
78 127
78 175
78 131
78 179
78 133
78 134
78 181
78 182
78 135
78 183
78 147
78 85
78 88
78 90
78 91
78 163
78 165
78 166
78 149
78 150
78 151
78 93
78 94
78 95
78 96
78 167
79 192
79 97
79 98
79 99
79 216
79 193
79 194
79 101
79 102
79 104
79 220
79 217
79 196
79 107
79 222
79 200
79 208
79 201
79 202
79 209
79 210
79 204
79 212
79 115
79 155
79 117
79 118
79 157
79 158
79 119
79 159
79 123
79 171
79 125
79 126
79 173
79 174
79 127
79 175
79 131
79 179
79 133
79 134
79 181
79 182
79 135
79 183
79 147
79 85
79 88
79 90
79 91
79 163
79 165
79 166
79 149
79 150
79 151
79 93
79 94
79 95
79 96
79 167
80 192
80 97
80 98
80 99
80 216
80 193
80 194
80 101
80 102
80 104
80 220
80 217
80 196
80 107
80 222
80 203
80 211
80 205
80 206
80 213
80 214
80 207
80 215
80 115
80 155
80 117
80 118
80 157
80 158
80 119
80 159
80 123
80 171
80 125
80 126
80 173
80 174
80 127
80 175
80 131
80 179
80 133
80 134
80 181
80 182
80 135
80 183
80 81
80 160
80 144
80 145
80 146
80 82
80 83
80 84
80 86
80 87
80 89
80 161
80 162
80 164
80 148
80 92
81 216
81 193
81 194
81 195
81 101
81 102
81 103
81 104
81 105
81 106
81 222
81 221
81 219
81 199
81 111
81 208
81 201
81 202
81 203
81 212
81 213
81 214
81 207
81 152
81 113
81 114
81 115
81 156
81 157
81 158
81 119
81 168
81 121
81 122
81 123
81 172
81 173
81 174
81 127
81 176
81 129
81 130
81 131
81 180
81 181
81 182
81 135
81 184
81 137
81 138
81 139
81 188
81 189
81 190
81 143
82 216
82 193
82 194
82 195
82 101
82 102
82 103
82 104
82 105
82 106
82 222
82 221
82 219
82 199
82 111
82 200
82 209
82 210
82 211
82 204
82 205
82 206
82 215
82 112
82 153
82 154
82 155
82 116
82 117
82 118
82 159
82 168
82 121
82 122
82 123
82 172
82 173
82 174
82 127
82 176
82 129
82 130
82 131
82 180
82 181
82 182
82 135
82 184
82 137
82 138
82 139
82 188
82 189
82 190
82 143
83 216
83 193
83 194
83 195
83 101
83 102
83 103
83 104
83 105
83 106
83 222
83 221
83 219
83 199
83 111
83 200
83 209
83 210
83 211
83 204
83 205
83 206
83 215
83 152
83 113
83 114
83 115
83 156
83 157
83 158
83 119
83 120
83 169
83 170
83 171
83 124
83 125
83 126
83 175
83 176
83 129
83 130
83 131
83 180
83 181
83 182
83 135
83 184
83 137
83 138
83 139
83 188
83 189
83 190
83 143
84 216
84 193
84 194
84 195
84 101
84 102
84 103
84 104
84 105
84 106
84 222
84 221
84 219
84 199
84 111
84 200
84 209
84 210
84 211
84 204
84 205
84 206
84 215
84 152
84 113
84 114
84 115
84 156
84 157
84 158
84 119
84 168
84 121
84 122
84 123
84 172
84 173
84 174
84 127
84 128
84 177
84 178
84 179
84 132
84 133
84 134
84 183
84 184
84 137
84 138
84 139
84 188
84 189
84 190
84 143
85 216
85 193
85 194
85 195
85 101
85 102
85 103
85 104
85 105
85 106
85 222
85 221
85 219
85 199
85 111
85 200
85 209
85 210
85 211
85 204
85 205
85 206
85 215
85 152
85 113
85 114
85 115
85 156
85 157
85 158
85 119
85 168
85 121
85 122
85 123
85 172
85 173
85 174
85 127
85 176
85 129
85 130
85 131
85 180
85 181
85 182
85 135
85 136
85 185
85 186
85 187
85 140
85 141
85 142
85 191
86 216
86 193
86 194
86 195
86 101
86 102
86 103
86 104
86 105
86 106
86 222
86 221
86 219
86 199
86 111
86 208
86 201
86 202
86 203
86 212
86 213
86 214
86 207
86 112
86 153
86 154
86 155
86 116
86 117
86 118
86 159
86 120
86 169
86 170
86 171
86 124
86 125
86 126
86 175
86 176
86 129
86 130
86 131
86 180
86 181
86 182
86 135
86 184
86 137
86 138
86 139
86 188
86 189
86 190
86 143
87 216
87 193
87 194
87 195
87 101
87 102
87 103
87 104
87 105
87 106
87 222
87 221
87 219
87 199
87 111
87 208
87 201
87 202
87 203
87 212
87 213
87 214
87 207
87 112
87 153
87 154
87 155
87 116
87 117
87 118
87 159
87 168
87 121
87 122
87 123
87 172
87 173
87 174
87 127
87 128
87 177
87 178
87 179
87 132
87 133
87 134
87 183
87 184
87 137
87 138
87 139
87 188
87 189
87 190
87 143
88 216
88 193
88 194
88 195
88 101
88 102
88 103
88 104
88 105
88 106
88 222
88 221
88 219
88 199
88 111
88 208
88 201
88 202
88 203
88 212
88 213
88 214
88 207
88 112
88 153
88 154
88 155
88 116
88 117
88 118
88 159
88 168
88 121
88 122
88 123
88 172
88 173
88 174
88 127
88 176
88 129
88 130
88 131
88 180
88 181
88 182
88 135
88 136
88 185
88 186
88 187
88 140
88 141
88 142
88 191
89 216
89 193
89 194
89 195
89 101
89 102
89 103
89 104
89 105
89 106
89 222
89 221
89 219
89 199
89 111
89 208
89 201
89 202
89 203
89 212
89 213
89 214
89 207
89 152
89 113
89 114
89 115
89 156
89 157
89 158
89 119
89 120
89 169
89 170
89 171
89 124
89 125
89 126
89 175
89 128
89 177
89 178
89 179
89 132
89 133
89 134
89 183
89 184
89 137
89 138
89 139
89 188
89 189
89 190
89 143
90 216
90 193
90 194
90 195
90 101
90 102
90 103
90 104
90 105
90 106
90 222
90 221
90 219
90 199
90 111
90 208
90 201
90 202
90 203
90 212
90 213
90 214
90 207
90 152
90 113
90 114
90 115
90 156
90 157
90 158
90 119
90 120
90 169
90 170
90 171
90 124
90 125
90 126
90 175
90 176
90 129
90 130
90 131
90 180
90 181
90 182
90 135
90 136
90 185
90 186
90 187
90 140
90 141
90 142
90 191
91 216
91 193
91 194
91 195
91 101
91 102
91 103
91 104
91 105
91 106
91 222
91 221
91 219
91 199
91 111
91 208
91 201
91 202
91 203
91 212
91 213
91 214
91 207
91 152
91 113
91 114
91 115
91 156
91 157
91 158
91 119
91 168
91 121
91 122
91 123
91 172
91 173
91 174
91 127
91 128
91 177
91 178
91 179
91 132
91 133
91 134
91 183
91 136
91 185
91 186
91 187
91 140
91 141
91 142
91 191
92 216
92 193
92 194
92 195
92 101
92 102
92 103
92 104
92 105
92 106
92 222
92 221
92 219
92 199
92 111
92 200
92 209
92 210
92 211
92 204
92 205
92 206
92 215
92 112
92 153
92 154
92 155
92 116
92 117
92 118
92 159
92 120
92 169
92 170
92 171
92 124
92 125
92 126
92 175
92 128
92 177
92 178
92 179
92 132
92 133
92 134
92 183
92 184
92 137
92 138
92 139
92 188
92 189
92 190
92 143
93 216
93 193
93 194
93 195
93 101
93 102
93 103
93 104
93 105
93 106
93 222
93 221
93 219
93 199
93 111
93 200
93 209
93 210
93 211
93 204
93 205
93 206
93 215
93 112
93 153
93 154
93 155
93 116
93 117
93 118
93 159
93 120
93 169
93 170
93 171
93 124
93 125
93 126
93 175
93 176
93 129
93 130
93 131
93 180
93 181
93 182
93 135
93 136
93 185
93 186
93 187
93 140
93 141
93 142
93 191
94 216
94 193
94 194
94 195
94 101
94 102
94 103
94 104
94 105
94 106
94 222
94 221
94 219
94 199
94 111
94 200
94 209
94 210
94 211
94 204
94 205
94 206
94 215
94 112
94 153
94 154
94 155
94 116
94 117
94 118
94 159
94 168
94 121
94 122
94 123
94 172
94 173
94 174
94 127
94 128
94 177
94 178
94 179
94 132
94 133
94 134
94 183
94 136
94 185
94 186
94 187
94 140
94 141
94 142
94 191
95 216
95 193
95 194
95 195
95 101
95 102
95 103
95 104
95 105
95 106
95 222
95 221
95 219
95 199
95 111
95 200
95 209
95 210
95 211
95 204
95 205
95 206
95 215
95 152
95 113
95 114
95 115
95 156
95 157
95 158
95 119
95 120
95 169
95 170
95 171
95 124
95 125
95 126
95 175
95 128
95 177
95 178
95 179
95 132
95 133
95 134
95 183
95 136
95 185
95 186
95 187
95 140
95 141
95 142
95 191
96 216
96 193
96 194
96 195
96 101
96 102
96 103
96 104
96 105
96 106
96 222
96 221
96 219
96 199
96 111
96 208
96 201
96 202
96 203
96 212
96 213
96 214
96 207
96 112
96 153
96 154
96 155
96 116
96 117
96 118
96 159
96 120
96 169
96 170
96 171
96 124
96 125
96 126
96 175
96 128
96 177
96 178
96 179
96 132
96 133
96 134
96 183
96 136
96 185
96 186
96 187
96 140
96 141
96 142
96 191
192 200
192 208
192 201
192 202
192 203
192 209
192 210
192 211
192 204
192 205
192 206
192 212
192 213
192 214
192 207
192 215
192 160
192 144
192 145
192 146
192 147
192 161
192 162
192 163
192 164
192 165
192 166
192 148
192 149
192 150
192 151
192 167
200 216
200 193
200 194
200 195
200 220
200 217
200 218
200 196
200 197
200 198
200 222
200 221
200 219
200 199
200 223
200 112
200 113
200 114
200 115
200 116
200 117
200 118
200 119
200 120
200 121
200 122
200 123
200 124
200 125
200 126
200 127
200 128
200 129
200 130
200 131
200 132
200 133
200 134
200 135
200 136
200 137
200 138
200 139
200 140
200 141
200 142
200 143
200 160
200 161
200 162
200 163
200 164
200 165
200 166
200 167
208 216
208 193
208 194
208 195
208 220
208 217
208 218
208 196
208 197
208 198
208 222
208 221
208 219
208 199
208 223
208 152
208 153
208 154
208 155
208 156
208 157
208 158
208 159
208 120
208 121
208 122
208 123
208 124
208 125
208 126
208 127
208 128
208 129
208 130
208 131
208 132
208 133
208 134
208 135
208 136
208 137
208 138
208 139
208 140
208 141
208 142
208 143
208 144
208 145
208 146
208 147
208 148
208 149
208 150
208 151
201 216
201 193
201 194
201 195
201 220
201 217
201 218
201 196
201 197
201 198
201 222
201 221
201 219
201 199
201 223
201 112
201 113
201 114
201 115
201 116
201 117
201 118
201 119
201 168
201 169
201 170
201 171
201 172
201 173
201 174
201 175
201 128
201 129
201 130
201 131
201 132
201 133
201 134
201 135
201 136
201 137
201 138
201 139
201 140
201 141
201 142
201 143
201 144
201 145
201 146
201 147
201 148
201 149
201 150
201 151
202 216
202 193
202 194
202 195
202 220
202 217
202 218
202 196
202 197
202 198
202 222
202 221
202 219
202 199
202 223
202 112
202 113
202 114
202 115
202 116
202 117
202 118
202 119
202 120
202 121
202 122
202 123
202 124
202 125
202 126
202 127
202 176
202 177
202 178
202 179
202 180
202 181
202 182
202 183
202 136
202 137
202 138
202 139
202 140
202 141
202 142
202 143
202 144
202 145
202 146
202 147
202 148
202 149
202 150
202 151
203 216
203 193
203 194
203 195
203 220
203 217
203 218
203 196
203 197
203 198
203 222
203 221
203 219
203 199
203 223
203 112
203 113
203 114
203 115
203 116
203 117
203 118
203 119
203 120
203 121
203 122
203 123
203 124
203 125
203 126
203 127
203 128
203 129
203 130
203 131
203 132
203 133
203 134
203 135
203 184
203 185
203 186
203 187
203 188
203 189
203 190
203 191
203 144
203 145
203 146
203 147
203 148
203 149
203 150
203 151
209 216
209 193
209 194
209 195
209 220
209 217
209 218
209 196
209 197
209 198
209 222
209 221
209 219
209 199
209 223
209 152
209 153
209 154
209 155
209 156
209 157
209 158
209 159
209 168
209 169
209 170
209 171
209 172
209 173
209 174
209 175
209 128
209 129
209 130
209 131
209 132
209 133
209 134
209 135
209 136
209 137
209 138
209 139
209 140
209 141
209 142
209 143
209 160
209 161
209 162
209 163
209 164
209 165
209 166
209 167
210 216
210 193
210 194
210 195
210 220
210 217
210 218
210 196
210 197
210 198
210 222
210 221
210 219
210 199
210 223
210 152
210 153
210 154
210 155
210 156
210 157
210 158
210 159
210 120
210 121
210 122
210 123
210 124
210 125
210 126
210 127
210 176
210 177
210 178
210 179
210 180
210 181
210 182
210 183
210 136
210 137
210 138
210 139
210 140
210 141
210 142
210 143
210 160
210 161
210 162
210 163
210 164
210 165
210 166
210 167
211 216
211 193
211 194
211 195
211 220
211 217
211 218
211 196
211 197
211 198
211 222
211 221
211 219
211 199
211 223
211 152
211 153
211 154
211 155
211 156
211 157
211 158
211 159
211 120
211 121
211 122
211 123
211 124
211 125
211 126
211 127
211 128
211 129
211 130
211 131
211 132
211 133
211 134
211 135
211 184
211 185
211 186
211 187
211 188
211 189
211 190
211 191
211 160
211 161
211 162
211 163
211 164
211 165
211 166
211 167
204 216
204 193
204 194
204 195
204 220
204 217
204 218
204 196
204 197
204 198
204 222
204 221
204 219
204 199
204 223
204 112
204 113
204 114
204 115
204 116
204 117
204 118
204 119
204 168
204 169
204 170
204 171
204 172
204 173
204 174
204 175
204 176
204 177
204 178
204 179
204 180
204 181
204 182
204 183
204 136
204 137
204 138
204 139
204 140
204 141
204 142
204 143
204 160
204 161
204 162
204 163
204 164
204 165
204 166
204 167
205 216
205 193
205 194
205 195
205 220
205 217
205 218
205 196
205 197
205 198
205 222
205 221
205 219
205 199
205 223
205 112
205 113
205 114
205 115
205 116
205 117
205 118
205 119
205 168
205 169
205 170
205 171
205 172
205 173
205 174
205 175
205 128
205 129
205 130
205 131
205 132
205 133
205 134
205 135
205 184
205 185
205 186
205 187
205 188
205 189
205 190
205 191
205 160
205 161
205 162
205 163
205 164
205 165
205 166
205 167
206 216
206 193
206 194
206 195
206 220
206 217
206 218
206 196
206 197
206 198
206 222
206 221
206 219
206 199
206 223
206 112
206 113
206 114
206 115
206 116
206 117
206 118
206 119
206 120
206 121
206 122
206 123
206 124
206 125
206 126
206 127
206 176
206 177
206 178
206 179
206 180
206 181
206 182
206 183
206 184
206 185
206 186
206 187
206 188
206 189
206 190
206 191
206 160
206 161
206 162
206 163
206 164
206 165
206 166
206 167
212 216
212 193
212 194
212 195
212 220
212 217
212 218
212 196
212 197
212 198
212 222
212 221
212 219
212 199
212 223
212 152
212 153
212 154
212 155
212 156
212 157
212 158
212 159
212 168
212 169
212 170
212 171
212 172
212 173
212 174
212 175
212 176
212 177
212 178
212 179
212 180
212 181
212 182
212 183
212 136
212 137
212 138
212 139
212 140
212 141
212 142
212 143
212 144
212 145
212 146
212 147
212 148
212 149
212 150
212 151
213 216
213 193
213 194
213 195
213 220
213 217
213 218
213 196
213 197
213 198
213 222
213 221
213 219
213 199
213 223
213 152
213 153
213 154
213 155
213 156
213 157
213 158
213 159
213 168
213 169
213 170
213 171
213 172
213 173
213 174
213 175
213 128
213 129
213 130
213 131
213 132
213 133
213 134
213 135
213 184
213 185
213 186
213 187
213 188
213 189
213 190
213 191
213 144
213 145
213 146
213 147
213 148
213 149
213 150
213 151
214 216
214 193
214 194
214 195
214 220
214 217
214 218
214 196
214 197
214 198
214 222
214 221
214 219
214 199
214 223
214 152
214 153
214 154
214 155
214 156
214 157
214 158
214 159
214 120
214 121
214 122
214 123
214 124
214 125
214 126
214 127
214 176
214 177
214 178
214 179
214 180
214 181
214 182
214 183
214 184
214 185
214 186
214 187
214 188
214 189
214 190
214 191
214 144
214 145
214 146
214 147
214 148
214 149
214 150
214 151
207 216
207 193
207 194
207 195
207 220
207 217
207 218
207 196
207 197
207 198
207 222
207 221
207 219
207 199
207 223
207 112
207 113
207 114
207 115
207 116
207 117
207 118
207 119
207 168
207 169
207 170
207 171
207 172
207 173
207 174
207 175
207 176
207 177
207 178
207 179
207 180
207 181
207 182
207 183
207 184
207 185
207 186
207 187
207 188
207 189
207 190
207 191
207 144
207 145
207 146
207 147
207 148
207 149
207 150
207 151
215 216
215 193
215 194
215 195
215 220
215 217
215 218
215 196
215 197
215 198
215 222
215 221
215 219
215 199
215 223
215 152
215 153
215 154
215 155
215 156
215 157
215 158
215 159
215 168
215 169
215 170
215 171
215 172
215 173
215 174
215 175
215 176
215 177
215 178
215 179
215 180
215 181
215 182
215 183
215 184
215 185
215 186
215 187
215 188
215 189
215 190
215 191
215 160
215 161
215 162
215 163
215 164
215 165
215 166
215 167
160 97
160 98
160 99
160 100
160 220
160 217
160 218
160 196
160 197
160 198
160 107
160 108
160 109
160 110
160 223
160 152
160 113
160 114
160 115
160 156
160 157
160 158
160 119
160 168
160 121
160 122
160 123
160 172
160 173
160 174
160 127
160 176
160 129
160 130
160 131
160 180
160 181
160 182
160 135
160 184
160 137
160 138
160 139
160 188
160 189
160 190
160 143
144 97
144 98
144 99
144 100
144 220
144 217
144 218
144 196
144 197
144 198
144 107
144 108
144 109
144 110
144 223
144 112
144 153
144 154
144 155
144 116
144 117
144 118
144 159
144 168
144 121
144 122
144 123
144 172
144 173
144 174
144 127
144 176
144 129
144 130
144 131
144 180
144 181
144 182
144 135
144 184
144 137
144 138
144 139
144 188
144 189
144 190
144 143
145 97
145 98
145 99
145 100
145 220
145 217
145 218
145 196
145 197
145 198
145 107
145 108
145 109
145 110
145 223
145 152
145 113
145 114
145 115
145 156
145 157
145 158
145 119
145 120
145 169
145 170
145 171
145 124
145 125
145 126
145 175
145 176
145 129
145 130
145 131
145 180
145 181
145 182
145 135
145 184
145 137
145 138
145 139
145 188
145 189
145 190
145 143
146 97
146 98
146 99
146 100
146 220
146 217
146 218
146 196
146 197
146 198
146 107
146 108
146 109
146 110
146 223
146 152
146 113
146 114
146 115
146 156
146 157
146 158
146 119
146 168
146 121
146 122
146 123
146 172
146 173
146 174
146 127
146 128
146 177
146 178
146 179
146 132
146 133
146 134
146 183
146 184
146 137
146 138
146 139
146 188
146 189
146 190
146 143
147 97
147 98
147 99
147 100
147 220
147 217
147 218
147 196
147 197
147 198
147 107
147 108
147 109
147 110
147 223
147 152
147 113
147 114
147 115
147 156
147 157
147 158
147 119
147 168
147 121
147 122
147 123
147 172
147 173
147 174
147 127
147 176
147 129
147 130
147 131
147 180
147 181
147 182
147 135
147 136
147 185
147 186
147 187
147 140
147 141
147 142
147 191
161 97
161 98
161 99
161 100
161 220
161 217
161 218
161 196
161 197
161 198
161 107
161 108
161 109
161 110
161 223
161 112
161 153
161 154
161 155
161 116
161 117
161 118
161 159
161 120
161 169
161 170
161 171
161 124
161 125
161 126
161 175
161 176
161 129
161 130
161 131
161 180
161 181
161 182
161 135
161 184
161 137
161 138
161 139
161 188
161 189
161 190
161 143
162 97
162 98
162 99
162 100
162 220
162 217
162 218
162 196
162 197
162 198
162 107
162 108
162 109
162 110
162 223
162 112
162 153
162 154
162 155
162 116
162 117
162 118
162 159
162 168
162 121
162 122
162 123
162 172
162 173
162 174
162 127
162 128
162 177
162 178
162 179
162 132
162 133
162 134
162 183
162 184
162 137
162 138
162 139
162 188
162 189
162 190
162 143
163 97
163 98
163 99
163 100
163 220
163 217
163 218
163 196
163 197
163 198
163 107
163 108
163 109
163 110
163 223
163 112
163 153
163 154
163 155
163 116
163 117
163 118
163 159
163 168
163 121
163 122
163 123
163 172
163 173
163 174
163 127
163 176
163 129
163 130
163 131
163 180
163 181
163 182
163 135
163 136
163 185
163 186
163 187
163 140
163 141
163 142
163 191
164 97
164 98
164 99
164 100
164 220
164 217
164 218
164 196
164 197
164 198
164 107
164 108
164 109
164 110
164 223
164 152
164 113
164 114
164 115
164 156
164 157
164 158
164 119
164 120
164 169
164 170
164 171
164 124
164 125
164 126
164 175
164 128
164 177
164 178
164 179
164 132
164 133
164 134
164 183
164 184
164 137
164 138
164 139
164 188
164 189
164 190
164 143
165 97
165 98
165 99
165 100
165 220
165 217
165 218
165 196
165 197
165 198
165 107
165 108
165 109
165 110
165 223
165 152
165 113
165 114
165 115
165 156
165 157
165 158
165 119
165 120
165 169
165 170
165 171
165 124
165 125
165 126
165 175
165 176
165 129
165 130
165 131
165 180
165 181
165 182
165 135
165 136
165 185
165 186
165 187
165 140
165 141
165 142
165 191
166 97
166 98
166 99
166 100
166 220
166 217
166 218
166 196
166 197
166 198
166 107
166 108
166 109
166 110
166 223
166 152
166 113
166 114
166 115
166 156
166 157
166 158
166 119
166 168
166 121
166 122
166 123
166 172
166 173
166 174
166 127
166 128
166 177
166 178
166 179
166 132
166 133
166 134
166 183
166 136
166 185
166 186
166 187
166 140
166 141
166 142
166 191
148 97
148 98
148 99
148 100
148 220
148 217
148 218
148 196
148 197
148 198
148 107
148 108
148 109
148 110
148 223
148 112
148 153
148 154
148 155
148 116
148 117
148 118
148 159
148 120
148 169
148 170
148 171
148 124
148 125
148 126
148 175
148 128
148 177
148 178
148 179
148 132
148 133
148 134
148 183
148 184
148 137
148 138
148 139
148 188
148 189
148 190
148 143
149 97
149 98
149 99
149 100
149 220
149 217
149 218
149 196
149 197
149 198
149 107
149 108
149 109
149 110
149 223
149 112
149 153
149 154
149 155
149 116
149 117
149 118
149 159
149 120
149 169
149 170
149 171
149 124
149 125
149 126
149 175
149 176
149 129
149 130
149 131
149 180
149 181
149 182
149 135
149 136
149 185
149 186
149 187
149 140
149 141
149 142
149 191
150 97
150 98
150 99
150 100
150 220
150 217
150 218
150 196
150 197
150 198
150 107
150 108
150 109
150 110
150 223
150 112
150 153
150 154
150 155
150 116
150 117
150 118
150 159
150 168
150 121
150 122
150 123
150 172
150 173
150 174
150 127
150 128
150 177
150 178
150 179
150 132
150 133
150 134
150 183
150 136
150 185
150 186
150 187
150 140
150 141
150 142
150 191
151 97
151 98
151 99
151 100
151 220
151 217
151 218
151 196
151 197
151 198
151 107
151 108
151 109
151 110
151 223
151 152
151 113
151 114
151 115
151 156
151 157
151 158
151 119
151 120
151 169
151 170
151 171
151 124
151 125
151 126
151 175
151 128
151 177
151 178
151 179
151 132
151 133
151 134
151 183
151 136
151 185
151 186
151 187
151 140
151 141
151 142
151 191
167 97
167 98
167 99
167 100
167 220
167 217
167 218
167 196
167 197
167 198
167 107
167 108
167 109
167 110
167 223
167 112
167 153
167 154
167 155
167 116
167 117
167 118
167 159
167 120
167 169
167 170
167 171
167 124
167 125
167 126
167 175
167 128
167 177
167 178
167 179
167 132
167 133
167 134
167 183
167 136
167 185
167 186
167 187
167 140
167 141
167 142
167 191
97 112
97 152
97 113
97 114
97 115
97 153
97 154
97 155
97 116
97 117
97 118
97 156
97 157
97 158
97 119
97 159
112 216
112 101
112 102
112 103
112 220
112 217
112 218
112 107
112 108
112 109
112 222
112 221
112 219
112 111
112 223
112 120
112 168
112 122
112 123
112 170
112 171
112 126
112 174
112 128
112 176
112 130
112 131
112 178
112 179
112 134
112 182
112 136
112 184
112 138
112 139
112 186
112 187
112 142
112 190
152 216
152 101
152 102
152 103
152 220
152 217
152 218
152 107
152 108
152 109
152 222
152 221
152 219
152 111
152 223
152 120
152 168
152 122
152 123
152 170
152 171
152 126
152 174
152 128
152 176
152 130
152 131
152 178
152 179
152 134
152 182
152 136
152 184
152 138
152 139
152 186
152 187
152 142
152 190
113 216
113 101
113 102
113 103
113 220
113 217
113 218
113 107
113 108
113 109
113 222
113 221
113 219
113 111
113 223
113 121
113 169
113 124
113 125
113 172
113 173
113 127
113 175
113 128
113 176
113 130
113 131
113 178
113 179
113 134
113 182
113 136
113 184
113 138
113 139
113 186
113 187
113 142
113 190
114 216
114 101
114 102
114 103
114 220
114 217
114 218
114 107
114 108
114 109
114 222
114 221
114 219
114 111
114 223
114 120
114 168
114 122
114 123
114 170
114 171
114 126
114 174
114 129
114 177
114 132
114 133
114 180
114 181
114 135
114 183
114 136
114 184
114 138
114 139
114 186
114 187
114 142
114 190
115 216
115 101
115 102
115 103
115 220
115 217
115 218
115 107
115 108
115 109
115 222
115 221
115 219
115 111
115 223
115 120
115 168
115 122
115 123
115 170
115 171
115 126
115 174
115 128
115 176
115 130
115 131
115 178
115 179
115 134
115 182
115 137
115 185
115 140
115 141
115 188
115 189
115 143
115 191
153 216
153 101
153 102
153 103
153 220
153 217
153 218
153 107
153 108
153 109
153 222
153 221
153 219
153 111
153 223
153 121
153 169
153 124
153 125
153 172
153 173
153 127
153 175
153 128
153 176
153 130
153 131
153 178
153 179
153 134
153 182
153 136
153 184
153 138
153 139
153 186
153 187
153 142
153 190
154 216
154 101
154 102
154 103
154 220
154 217
154 218
154 107
154 108
154 109
154 222
154 221
154 219
154 111
154 223
154 120
154 168
154 122
154 123
154 170
154 171
154 126
154 174
154 129
154 177
154 132
154 133
154 180
154 181
154 135
154 183
154 136
154 184
154 138
154 139
154 186
154 187
154 142
154 190
155 216
155 101
155 102
155 103
155 220
155 217
155 218
155 107
155 108
155 109
155 222
155 221
155 219
155 111
155 223
155 120
155 168
155 122
155 123
155 170
155 171
155 126
155 174
155 128
155 176
155 130
155 131
155 178
155 179
155 134
155 182
155 137
155 185
155 140
155 141
155 188
155 189
155 143
155 191
116 216
116 101
116 102
116 103
116 220
116 217
116 218
116 107
116 108
116 109
116 222
116 221
116 219
116 111
116 223
116 121
116 169
116 124
116 125
116 172
116 173
116 127
116 175
116 129
116 177
116 132
116 133
116 180
116 181
116 135
116 183
116 136
116 184
116 138
116 139
116 186
116 187
116 142
116 190
117 216
117 101
117 102
117 103
117 220
117 217
117 218
117 107
117 108
117 109
117 222
117 221
117 219
117 111
117 223
117 121
117 169
117 124
117 125
117 172
117 173
117 127
117 175
117 128
117 176
117 130
117 131
117 178
117 179
117 134
117 182
117 137
117 185
117 140
117 141
117 188
117 189
117 143
117 191
118 216
118 101
118 102
118 103
118 220
118 217
118 218
118 107
118 108
118 109
118 222
118 221
118 219
118 111
118 223
118 120
118 168
118 122
118 123
118 170
118 171
118 126
118 174
118 129
118 177
118 132
118 133
118 180
118 181
118 135
118 183
118 137
118 185
118 140
118 141
118 188
118 189
118 143
118 191
156 216
156 101
156 102
156 103
156 220
156 217
156 218
156 107
156 108
156 109
156 222
156 221
156 219
156 111
156 223
156 121
156 169
156 124
156 125
156 172
156 173
156 127
156 175
156 129
156 177
156 132
156 133
156 180
156 181
156 135
156 183
156 136
156 184
156 138
156 139
156 186
156 187
156 142
156 190
157 216
157 101
157 102
157 103
157 220
157 217
157 218
157 107
157 108
157 109
157 222
157 221
157 219
157 111
157 223
157 121
157 169
157 124
157 125
157 172
157 173
157 127
157 175
157 128
157 176
157 130
157 131
157 178
157 179
157 134
157 182
157 137
157 185
157 140
157 141
157 188
157 189
157 143
157 191
158 216
158 101
158 102
158 103
158 220
158 217
158 218
158 107
158 108
158 109
158 222
158 221
158 219
158 111
158 223
158 120
158 168
158 122
158 123
158 170
158 171
158 126
158 174
158 129
158 177
158 132
158 133
158 180
158 181
158 135
158 183
158 137
158 185
158 140
158 141
158 188
158 189
158 143
158 191
119 216
119 101
119 102
119 103
119 220
119 217
119 218
119 107
119 108
119 109
119 222
119 221
119 219
119 111
119 223
119 121
119 169
119 124
119 125
119 172
119 173
119 127
119 175
119 129
119 177
119 132
119 133
119 180
119 181
119 135
119 183
119 137
119 185
119 140
119 141
119 188
119 189
119 143
119 191
159 216
159 101
159 102
159 103
159 220
159 217
159 218
159 107
159 108
159 109
159 222
159 221
159 219
159 111
159 223
159 121
159 169
159 124
159 125
159 172
159 173
159 127
159 175
159 129
159 177
159 132
159 133
159 180
159 181
159 135
159 183
159 137
159 185
159 140
159 141
159 188
159 189
159 143
159 191
98 120
98 168
98 121
98 122
98 123
98 169
98 170
98 171
98 124
98 125
98 126
98 172
98 173
98 174
98 127
98 175
120 193
120 101
120 104
120 105
120 220
120 196
120 197
120 107
120 108
120 110
120 222
120 221
120 199
120 111
120 223
120 128
120 176
120 129
120 131
120 177
120 179
120 133
120 181
120 136
120 184
120 137
120 139
120 185
120 187
120 141
120 189
168 193
168 101
168 104
168 105
168 220
168 196
168 197
168 107
168 108
168 110
168 222
168 221
168 199
168 111
168 223
168 128
168 176
168 129
168 131
168 177
168 179
168 133
168 181
168 136
168 184
168 137
168 139
168 185
168 187
168 141
168 189
121 193
121 101
121 104
121 105
121 220
121 196
121 197
121 107
121 108
121 110
121 222
121 221
121 199
121 111
121 223
121 128
121 176
121 129
121 131
121 177
121 179
121 133
121 181
121 136
121 184
121 137
121 139
121 185
121 187
121 141
121 189
122 193
122 101
122 104
122 105
122 220
122 196
122 197
122 107
122 108
122 110
122 222
122 221
122 199
122 111
122 223
122 130
122 178
122 132
122 134
122 180
122 182
122 135
122 183
122 136
122 184
122 137
122 139
122 185
122 187
122 141
122 189
123 193
123 101
123 104
123 105
123 220
123 196
123 197
123 107
123 108
123 110
123 222
123 221
123 199
123 111
123 223
123 128
123 176
123 129
123 131
123 177
123 179
123 133
123 181
123 138
123 186
123 140
123 142
123 188
123 190
123 143
123 191
169 193
169 101
169 104
169 105
169 220
169 196
169 197
169 107
169 108
169 110
169 222
169 221
169 199
169 111
169 223
169 128
169 176
169 129
169 131
169 177
169 179
169 133
169 181
169 136
169 184
169 137
169 139
169 185
169 187
169 141
169 189
170 193
170 101
170 104
170 105
170 220
170 196
170 197
170 107
170 108
170 110
170 222
170 221
170 199
170 111
170 223
170 130
170 178
170 132
170 134
170 180
170 182
170 135
170 183
170 136
170 184
170 137
170 139
170 185
170 187
170 141
170 189
171 193
171 101
171 104
171 105
171 220
171 196
171 197
171 107
171 108
171 110
171 222
171 221
171 199
171 111
171 223
171 128
171 176
171 129
171 131
171 177
171 179
171 133
171 181
171 138
171 186
171 140
171 142
171 188
171 190
171 143
171 191
124 193
124 101
124 104
124 105
124 220
124 196
124 197
124 107
124 108
124 110
124 222
124 221
124 199
124 111
124 223
124 130
124 178
124 132
124 134
124 180
124 182
124 135
124 183
124 136
124 184
124 137
124 139
124 185
124 187
124 141
124 189
125 193
125 101
125 104
125 105
125 220
125 196
125 197
125 107
125 108
125 110
125 222
125 221
125 199
125 111
125 223
125 128
125 176
125 129
125 131
125 177
125 179
125 133
125 181
125 138
125 186
125 140
125 142
125 188
125 190
125 143
125 191
126 193
126 101
126 104
126 105
126 220
126 196
126 197
126 107
126 108
126 110
126 222
126 221
126 199
126 111
126 223
126 130
126 178
126 132
126 134
126 180
126 182
126 135
126 183
126 138
126 186
126 140
126 142
126 188
126 190
126 143
126 191
172 193
172 101
172 104
172 105
172 220
172 196
172 197
172 107
172 108
172 110
172 222
172 221
172 199
172 111
172 223
172 130
172 178
172 132
172 134
172 180
172 182
172 135
172 183
172 136
172 184
172 137
172 139
172 185
172 187
172 141
172 189
173 193
173 101
173 104
173 105
173 220
173 196
173 197
173 107
173 108
173 110
173 222
173 221
173 199
173 111
173 223
173 128
173 176
173 129
173 131
173 177
173 179
173 133
173 181
173 138
173 186
173 140
173 142
173 188
173 190
173 143
173 191
174 193
174 101
174 104
174 105
174 220
174 196
174 197
174 107
174 108
174 110
174 222
174 221
174 199
174 111
174 223
174 130
174 178
174 132
174 134
174 180
174 182
174 135
174 183
174 138
174 186
174 140
174 142
174 188
174 190
174 143
174 191
127 193
127 101
127 104
127 105
127 220
127 196
127 197
127 107
127 108
127 110
127 222
127 221
127 199
127 111
127 223
127 130
127 178
127 132
127 134
127 180
127 182
127 135
127 183
127 138
127 186
127 140
127 142
127 188
127 190
127 143
127 191
175 193
175 101
175 104
175 105
175 220
175 196
175 197
175 107
175 108
175 110
175 222
175 221
175 199
175 111
175 223
175 130
175 178
175 132
175 134
175 180
175 182
175 135
175 183
175 138
175 186
175 140
175 142
175 188
175 190
175 143
175 191
99 128
99 176
99 129
99 130
99 131
99 177
99 178
99 179
99 132
99 133
99 134
99 180
99 181
99 182
99 135
99 183
128 194
128 102
128 104
128 106
128 217
128 196
128 198
128 107
128 109
128 110
128 222
128 219
128 199
128 111
128 223
128 136
128 184
128 137
128 138
128 185
128 186
128 140
128 188
176 194
176 102
176 104
176 106
176 217
176 196
176 198
176 107
176 109
176 110
176 222
176 219
176 199
176 111
176 223
176 136
176 184
176 137
176 138
176 185
176 186
176 140
176 188
129 194
129 102
129 104
129 106
129 217
129 196
129 198
129 107
129 109
129 110
129 222
129 219
129 199
129 111
129 223
129 136
129 184
129 137
129 138
129 185
129 186
129 140
129 188
130 194
130 102
130 104
130 106
130 217
130 196
130 198
130 107
130 109
130 110
130 222
130 219
130 199
130 111
130 223
130 136
130 184
130 137
130 138
130 185
130 186
130 140
130 188
131 194
131 102
131 104
131 106
131 217
131 196
131 198
131 107
131 109
131 110
131 222
131 219
131 199
131 111
131 223
131 139
131 187
131 141
131 142
131 189
131 190
131 143
131 191
177 194
177 102
177 104
177 106
177 217
177 196
177 198
177 107
177 109
177 110
177 222
177 219
177 199
177 111
177 223
177 136
177 184
177 137
177 138
177 185
177 186
177 140
177 188
178 194
178 102
178 104
178 106
178 217
178 196
178 198
178 107
178 109
178 110
178 222
178 219
178 199
178 111
178 223
178 136
178 184
178 137
178 138
178 185
178 186
178 140
178 188
179 194
179 102
179 104
179 106
179 217
179 196
179 198
179 107
179 109
179 110
179 222
179 219
179 199
179 111
179 223
179 139
179 187
179 141
179 142
179 189
179 190
179 143
179 191
132 194
132 102
132 104
132 106
132 217
132 196
132 198
132 107
132 109
132 110
132 222
132 219
132 199
132 111
132 223
132 136
132 184
132 137
132 138
132 185
132 186
132 140
132 188
133 194
133 102
133 104
133 106
133 217
133 196
133 198
133 107
133 109
133 110
133 222
133 219
133 199
133 111
133 223
133 139
133 187
133 141
133 142
133 189
133 190
133 143
133 191
134 194
134 102
134 104
134 106
134 217
134 196
134 198
134 107
134 109
134 110
134 222
134 219
134 199
134 111
134 223
134 139
134 187
134 141
134 142
134 189
134 190
134 143
134 191
180 194
180 102
180 104
180 106
180 217
180 196
180 198
180 107
180 109
180 110
180 222
180 219
180 199
180 111
180 223
180 136
180 184
180 137
180 138
180 185
180 186
180 140
180 188
181 194
181 102
181 104
181 106
181 217
181 196
181 198
181 107
181 109
181 110
181 222
181 219
181 199
181 111
181 223
181 139
181 187
181 141
181 142
181 189
181 190
181 143
181 191
182 194
182 102
182 104
182 106
182 217
182 196
182 198
182 107
182 109
182 110
182 222
182 219
182 199
182 111
182 223
182 139
182 187
182 141
182 142
182 189
182 190
182 143
182 191
135 194
135 102
135 104
135 106
135 217
135 196
135 198
135 107
135 109
135 110
135 222
135 219
135 199
135 111
135 223
135 139
135 187
135 141
135 142
135 189
135 190
135 143
135 191
183 194
183 102
183 104
183 106
183 217
183 196
183 198
183 107
183 109
183 110
183 222
183 219
183 199
183 111
183 223
183 139
183 187
183 141
183 142
183 189
183 190
183 143
183 191
100 136
100 184
100 137
100 138
100 139
100 185
100 186
100 187
100 140
100 141
100 142
100 188
100 189
100 190
100 143
100 191
136 195
136 103
136 105
136 106
136 218
136 197
136 198
136 108
136 109
136 110
136 221
136 219
136 199
136 111
136 223
184 195
184 103
184 105
184 106
184 218
184 197
184 198
184 108
184 109
184 110
184 221
184 219
184 199
184 111
184 223
137 195
137 103
137 105
137 106
137 218
137 197
137 198
137 108
137 109
137 110
137 221
137 219
137 199
137 111
137 223
138 195
138 103
138 105
138 106
138 218
138 197
138 198
138 108
138 109
138 110
138 221
138 219
138 199
138 111
138 223
139 195
139 103
139 105
139 106
139 218
139 197
139 198
139 108
139 109
139 110
139 221
139 219
139 199
139 111
139 223
185 195
185 103
185 105
185 106
185 218
185 197
185 198
185 108
185 109
185 110
185 221
185 219
185 199
185 111
185 223
186 195
186 103
186 105
186 106
186 218
186 197
186 198
186 108
186 109
186 110
186 221
186 219
186 199
186 111
186 223
187 195
187 103
187 105
187 106
187 218
187 197
187 198
187 108
187 109
187 110
187 221
187 219
187 199
187 111
187 223
140 195
140 103
140 105
140 106
140 218
140 197
140 198
140 108
140 109
140 110
140 221
140 219
140 199
140 111
140 223
141 195
141 103
141 105
141 106
141 218
141 197
141 198
141 108
141 109
141 110
141 221
141 219
141 199
141 111
141 223
142 195
142 103
142 105
142 106
142 218
142 197
142 198
142 108
142 109
142 110
142 221
142 219
142 199
142 111
142 223
188 195
188 103
188 105
188 106
188 218
188 197
188 198
188 108
188 109
188 110
188 221
188 219
188 199
188 111
188 223
189 195
189 103
189 105
189 106
189 218
189 197
189 198
189 108
189 109
189 110
189 221
189 219
189 199
189 111
189 223
190 195
190 103
190 105
190 106
190 218
190 197
190 198
190 108
190 109
190 110
190 221
190 219
190 199
190 111
190 223
143 195
143 103
143 105
143 106
143 218
143 197
143 198
143 108
143 109
143 110
143 221
143 219
143 199
143 111
143 223
191 195
191 103
191 105
191 106
191 218
191 197
191 198
191 108
191 109
191 110
191 221
191 219
191 199
191 111
191 223
