0 1
0 2
0 3
0 4
0 48
0 49
1 7
1 8
1 9
1 10
1 11
2 7
2 12
2 13
2 14
2 15
3 16
3 17
3 18
3 19
3 20
4 16
4 21
4 22
4 23
4 24
48 25
48 30
48 31
48 28
48 29
49 25
49 26
49 27
49 32
49 33
16 34
16 35
16 50
16 51
34 25
34 12
34 13
34 10
34 11
35 25
35 8
35 9
35 14
35 15
50 7
50 26
50 27
50 28
50 29
51 7
51 30
51 31
51 32
51 33
7 38
7 39
38 25
38 21
38 22
38 19
38 20
39 25
39 17
39 18
39 23
39 24
26 8
26 13
26 40
26 41
8 31
8 40
8 42
13 31
13 43
13 41
40 30
40 12
40 10
40 15
41 30
41 9
41 14
41 11
30 12
30 9
12 27
12 42
9 27
9 43
31 43
31 42
43 27
43 10
43 15
42 27
42 14
42 11
28 17
28 22
28 44
28 45
17 33
17 44
17 46
22 33
22 47
22 45
44 32
44 21
44 19
44 24
45 32
45 18
45 23
45 20
32 21
32 18
21 29
21 46
18 29
18 47
33 47
33 46
47 29
47 19
47 24
46 29
46 23
46 20
10 19
10 23
11 24
11 20
14 19
14 23
15 24
15 20
